2.591745
4.103709
3.764146
3.379064
2.960482
2.530375
2.122733
1.773341
1.496708
1.292154
1.148964
1.050007
0.980912
0.932734
0.899809
0.878118
0.864640
0.857095
0.853792
0.853497
0.855325
0.858647
0.863023
0.868143
0.873797
0.879839
0.886172
0.892732
0.899476
0.906378
0.913420
0.920591
0.927881
0.935284
0.942792
0.950397
0.958090
0.965860
0.973693
0.981575
0.989490
0.997422
1.005353
1.013267
1.021148
1.028983
1.036758
1.044466
1.052098
1.059653
1.067130
1.074533
1.081867
1.089141
1.096367
1.103557
1.110725
1.117888
1.125061
1.132260
1.139499
1.146795
1.154159
1.161606
1.169144
1.176782
1.184526
1.192380
1.200343
1.208413
1.216584
1.224844
1.233179
1.241569
1.249990
1.258413
1.266804
1.275126
1.283340
1.291403
1.299277
1.306924
1.314314
1.321424
1.328240
1.334756
1.340977
1.346915
1.352584
1.358005
1.363197
1.368179
1.372970
1.377585
1.382037
1.386336
1.390492
1.394511
1.398399
1.402163
1.405805
1.409331
1.412744
1.416048
1.419246
1.422342
1.425339
1.428241
1.431051
1.433773
1.436409
1.438963
1.441438
1.443838
1.446164
1.448421
1.450610
1.452736
1.454799
1.456804
1.458752
1.460646
1.462488
1.464281
1.466027
1.467728
1.469386
1.471002
1.472580
1.474119
1.475623
1.477093
1.478530
1.479936
1.481312
1.482660
1.483980
1.485275
1.486544
1.487790
1.489012
1.490213
1.491393
1.492552
1.493692
1.494814
1.495917
1.497003
1.498073
1.499126
1.500164
1.501186
1.502194
1.503188
1.504168
1.505134
1.506088
1.507028
1.507956
1.508872
1.509776
1.510668
1.511549
1.512418
1.513276
1.514123
1.514959
1.515784
1.516599
1.517403
1.518196
1.518979
1.519752
1.520514
1.521266
1.522007
1.522739
1.523460
1.524171
1.524872
1.525562
1.526242
1.526912
1.527572
1.528221
1.528861
1.529490
1.530108
1.530716
1.531314
1.531901
1.532478
1.533045
1.533601
1.534147
1.534682
1.535207
1.535721
1.536224
1.536718
1.537200
1.537672
1.538134
1.538585
1.539026
1.539456
1.539876
1.540285
1.540684
1.541073
1.541451
1.541819
1.542177
1.542525
1.542863
1.543190
1.543508
1.543816
1.544114
1.544402
1.544680
1.544949
1.545209
1.545459
1.545700
1.545932
1.546154
1.546368
1.546572
1.546768
1.546956
1.547135
1.547305
1.547467
1.547621
1.547767
1.547905
1.548036
1.548159
1.548274
1.548382
1.548483
1.548577
1.548664
1.548745
1.548819
1.548886
1.548947
1.549002
1.549051
1.549095
1.549132
1.549165
1.549192
1.549214
1.549230
1.549242
1.549250
1.549253
1.549251
1.549245
1.549236
1.549222
1.549205
1.549184
1.549160
1.549133
1.549102
1.549069
1.549033
1.548994
1.548953
1.548909
1.548864
1.548816
1.548767
1.548715
1.548663
1.548609
1.548553
1.548497
1.548439
1.548381
1.548322
1.548263
1.548203
1.548142
1.548082
1.548022
1.547961
1.547901
1.547841
1.547782
1.547723
1.547665
1.547608
1.547552
1.547497
1.547443
1.547390
1.547339
1.547289
1.547241
1.547195
1.547150
1.547108
1.547067
1.547029
1.546993
1.546959
1.546928
1.546899
1.546873
1.546849
1.546829
1.546811
1.546797
1.546785
1.546777
1.546772
1.546771
1.546773
1.546778
1.546787
1.546800
1.546817
1.546837
1.546862
1.546890
1.546923
1.546960
1.547001
1.547046
1.547096
1.547150
1.547209
1.547273
1.547341
1.547414
1.547492
1.547575
1.547663
1.547756
1.547853
1.547956
1.548065
1.548178
1.548297
1.548421
1.548551
1.548686
1.548826
1.548972
1.549124
1.549281
1.549444
1.549612
1.549786
1.549966
1.550152
1.550344
1.550541
1.550744
1.550953
1.551168
1.551389
1.551616
1.551848
1.552087
1.552331
1.552582
1.552838
1.553100
1.553368
1.553641
1.553921
1.554207
1.554498
1.554795
1.555098
1.555406
1.555720
1.556040
1.556366
1.556697
1.557034
1.557376
1.557724
1.558077
1.558435
1.558799
1.559169
1.559543
1.559923
1.560307
1.560697
1.561092
1.561492
1.561896
1.562306
1.562720
1.563139
1.563562
1.563990
1.564423
1.564860
1.565301
1.565747
1.566196
1.566650
1.567108
1.567570
1.568036
1.568506
1.568980
1.569457
1.569938
1.570422
1.570910
1.571401
1.571896
1.572394
1.572895
1.573399
1.573906
1.574416
1.574929
1.575445
1.575963
1.576485
1.577008
1.577535
1.578064
1.578595
1.579128
1.579664
1.580202
1.580742
1.581285
1.581829
1.582375
1.582923
1.583473
1.584025
1.584578
1.585133
1.585690
1.586248
1.586807
1.587369
1.587931
1.588495
1.589060
1.589626
1.590193
1.590762
1.591332
1.591902
1.592474
1.593047
1.593620
1.594195
1.594770
1.595346
1.595922
1.596500
1.597078
1.597657
1.598236
1.598816
1.599397
1.599977
1.600559
1.601141
1.601723
1.602306
1.602889
1.603472
1.604056
1.604640
1.605224
1.605808
1.606393
1.606978
1.607563
1.608148
1.608733
1.609319
1.609904
1.610490
1.611075
1.611661
1.612247
1.612832
1.613418
1.614004
1.614589
1.615175
1.615760
1.616346
1.616931
1.617517
1.618102
1.618687
1.619272
1.619857
1.620442
1.621026
1.621611
1.622195
1.622779
1.623363
1.623947
1.624530
1.625114
1.625697
1.626280
1.626863
1.627446
1.628028
1.628611
1.629193
1.629774
1.630356
1.630938
1.631519
1.632100
1.632681
1.633261
1.633841
1.634421
1.635001
1.635581
1.636160
1.636739
1.637318
1.637897
1.638476
1.639054
1.639632
1.640210
1.640787
1.641364
1.641941
1.642518
1.643095
1.643671
1.644247
1.644823
1.645399
1.645974
1.646550
1.647124
1.647699
1.648274
1.648848
1.649422
1.649996
1.650569
1.651142
1.651715
1.652288
1.652861
1.653433
1.654005
1.654577
1.655149
1.655720
1.656291
1.656862
1.657433
1.658003
1.658573
1.659143
1.659713
1.660282
1.660851
1.661420
1.661989
1.662557
1.663125
1.663693
1.664260
1.664828
1.665395
1.665961
1.666528
1.667094
1.667660
1.668225
1.668791
1.669356
1.669920
1.670485
1.671049
1.671612
1.672176
1.672739
1.673302
1.673864
1.674426
1.674988
1.675550
1.676111
1.676671
1.677232
1.677792
1.678351
1.678911
1.679469
1.680028
1.680586
1.681143
1.681701
1.682258
1.682814
1.683370
1.683925
1.684480
1.685035
1.685589
1.686143
1.686696
1.687249
1.687801
1.688353
1.688904
1.689454
1.690005
1.690554
1.691103
1.691652
1.692200
1.692747
1.693294
1.693840
1.694386
1.694931
1.695475
1.696019
1.696562
1.697104
1.697646
1.698187
1.698727
1.699267
1.699806
1.700344
1.700881
1.701418
1.701954
1.702490
1.703024
1.703558
1.704091
1.704623
1.705154
1.705684
1.706214
1.706743
1.707270
1.707797
1.708323
1.708848
1.709373
1.709896
1.710418
1.710940
1.711460
1.711979
1.712498
1.713015
1.713532
1.714047
1.714561
1.715074
1.715587
1.716098
1.716607
1.717116
1.717624
1.718130
1.718636
1.719140
1.719643
1.720145
1.720645
1.721144
1.721642
1.722139
1.722635
1.723129
1.723622
1.724113
1.724604
1.725093
1.725580
1.726066
1.726551
1.727034
1.727516
1.727997
1.728476
1.728953
1.729429
1.729904
1.730377
1.730848
1.731318
1.731787
1.732254
1.732719
1.733183
1.733645
1.734105
1.734564
1.735021
1.735476
1.735930
1.736382
1.736832
1.737281
1.737728
1.738173
1.738616
1.739058
1.739497
1.739935
1.740371
1.740805
1.741237
1.741668
1.742096
1.742523
1.742947
1.743370
1.743791
1.744210
1.744626
1.745041
1.745454
1.745865
1.746273
1.746680
1.747085
1.747487
1.747888
1.748286
1.748682
1.749076
1.749468
1.749858
1.750245
1.750630
1.751014
1.751394
1.751773
1.752150
1.752524
1.752896
1.753265
1.753633
1.753998
1.754360
1.754721
1.755079
1.755434
1.755788
1.756138
1.756487
1.756833
1.757177
1.757518
1.757857
1.758193
1.758527
1.758858
1.759187
1.759514
1.759838
1.760159
1.760478
1.760794
1.761108
1.761419
1.761728
1.762034
1.762337
1.762638
1.762936
1.763232
1.763525
1.763815
1.764103
1.764388
1.764671
1.764950
1.765227
1.765502
1.765773
1.766042
1.766308
1.766572
1.766833
1.767091
1.767346
1.767598
1.767848
1.768095
1.768339
1.768580
1.768819
1.769055
1.769288
1.769518
1.769745
1.769970
1.770191
1.770410
1.770626
1.770839
1.771049
1.771257
1.771461
1.771663
1.771861
1.772057
1.772250
1.772440
1.772627
1.772811
1.772993
1.773171
1.773346
1.773519
1.773689
1.773855
1.774019
1.774180
1.774337
1.774492
1.774644
1.774793
1.774939
1.775082
1.775222
1.775359
1.775493
1.775624
1.775752
1.775877
1.775999
1.776118
1.776234
1.776347
1.776457
1.776564
1.776668
1.776769
1.776867
1.776962
1.777054
1.777143
1.777229
1.777312
1.777392
1.777468
1.777542
1.777613
1.777680
1.777745
1.777806
1.777865
1.777920
1.777973
1.778022
1.778068
1.778111
1.778151
1.778188
1.778222
1.778253
1.778281
1.778306
1.778327
1.778346
1.778361
1.778374
1.778383
1.778389
1.778392
1.778392
1.778389
1.778383
1.778374
1.778361
1.778346
1.778327
1.778306
1.778281
1.778253
1.778222
1.778187
1.778150
1.778110
1.778066
1.778019
1.777969
1.777916
1.777860
1.777801
1.777738
1.777673
1.777604
1.777532
1.777457
1.777378
1.777297
1.777212
1.777124
1.777033
1.776939
1.776842
1.776741
1.776637
1.776530
1.776420
1.776307
1.776190
1.776070
1.775947
1.775821
1.775691
1.775559
1.775423
1.775283
1.775141
1.774995
1.774846
1.774694
1.774538
1.774379
1.774217
1.774052
1.773883
1.773711
1.773536
1.773358
1.773176
1.772991
1.772802
1.772611
1.772415
1.772217
1.772015
1.771810
1.771602
1.771390
1.771175
1.770957
1.770735
1.770510
1.770282
1.770050
1.769815
1.769576
1.769334
1.769089
1.768841
1.768589
1.768334
1.768075
1.767813
1.767548
1.767279
1.767007
1.766732
1.766453
1.766171
1.765885
1.765597
1.765305
1.765009
1.764710
1.764408
1.764103
1.763794
1.763482
1.763167
1.762849
1.762527
1.762202
1.761874
1.761542
1.761208
1.760870
1.760529
1.760185
1.759837
1.759487
3.065707
5.002984
4.985513
4.937820
4.825026
4.588652
4.205188
3.711418
3.168631
2.635912
2.162631
1.781487
1.499919
1.302421
1.167699
1.076124
1.013732
0.971576
0.943710
0.925969
0.915389
0.909865
0.907914
0.908501
0.910900
0.914605
0.919259
0.924612
0.930486
0.936754
0.943324
0.950128
0.957117
0.964251
0.971503
0.978847
0.986267
0.993745
1.001270
1.008830
1.016417
1.024023
1.031641
1.039268
1.046898
1.054530
1.062161
1.069791
1.077420
1.085050
1.092682
1.100319
1.107965
1.115622
1.123296
1.130991
1.138709
1.146456
1.154236
1.162050
1.169903
1.177796
1.185730
1.193704
1.201718
1.209769
1.217854
1.225967
1.234101
1.242249
1.250400
1.258544
1.266669
1.274761
1.282806
1.290789
1.298693
1.306504
1.314206
1.321783
1.329220
1.336505
1.343625
1.350570
1.357331
1.363902
1.370279
1.376461
1.382447
1.388240
1.393845
1.399267
1.404515
1.409597
1.414522
1.419300
1.423940
1.428454
1.432848
1.437134
1.441318
1.445407
1.449408
1.453327
1.457168
1.460936
1.464632
1.468261
1.471823
1.475320
1.478753
1.482124
1.485431
1.488676
1.491858
1.494977
1.498033
1.501025
1.503953
1.506817
1.509615
1.512349
1.515016
1.517617
1.520151
1.522619
1.525018
1.527350
1.529614
1.531810
1.533936
1.535993
1.537982
1.539900
1.541748
1.543526
1.545234
1.546871
1.548436
1.549931
1.551354
1.552705
1.553985
1.555192
1.556328
1.557391
1.558383
1.559302
1.560149
1.560925
1.561629
1.562263
1.562825
1.563319
1.563742
1.564098
1.564386
1.564609
1.564766
1.564860
1.564892
1.564863
1.564776
1.564633
1.564435
1.564185
1.563885
1.563538
1.563145
1.562711
1.562237
1.561726
1.561182
1.560606
1.560003
1.559374
1.558724
1.558054
1.557368
1.556669
1.555960
1.555243
1.554522
1.553799
1.553077
1.552358
1.551644
1.550939
1.550244
1.549561
1.548892
1.548240
1.547605
1.546990
1.546394
1.545821
1.545270
1.544743
1.544240
1.543761
1.543308
1.542881
1.542478
1.542102
1.541750
1.541424
1.541123
1.540845
1.540592
1.540362
1.540155
1.539970
1.539805
1.539662
1.539537
1.539432
1.539344
1.539274
1.539220
1.539181
1.539156
1.539146
1.539148
1.539162
1.539188
1.539224
1.539270
1.539326
1.539389
1.539461
1.539540
1.539625
1.539716
1.539813
1.539915
1.540021
1.540131
1.540245
1.540362
1.540482
1.540604
1.540728
1.540854
1.540981
1.541110
1.541239
1.541369
1.541499
1.541629
1.541760
1.541890
1.542020
1.542149
1.542277
1.542405
1.542531
1.542657
1.542781
1.542904
1.543026
1.543147
1.543265
1.543383
1.543499
1.543613
1.543726
1.543836
1.543946
1.544053
1.544159
1.544263
1.544366
1.544466
1.544565
1.544663
1.544758
1.544853
1.544945
1.545036
1.545125
1.545213
1.545299
1.545384
1.545467
1.545549
1.545629
1.545708
1.545786
1.545863
1.545938
1.546013
1.546086
1.546158
1.546230
1.546300
1.546369
1.546438
1.546505
1.546572
1.546639
1.546704
1.546769
1.546834
1.546898
1.546961
1.547024
1.547087
1.547149
1.547211
1.547273
1.547335
1.547397
1.547459
1.547520
1.547582
1.547643
1.547705
1.547767
1.547830
1.547892
1.547955
1.548018
1.548081
1.548145
1.548210
1.548274
1.548340
1.548406
1.548473
1.548540
1.548608
1.548677
1.548746
1.548816
1.548888
1.548960
1.549033
1.549106
1.549181
1.549257
1.549334
1.549412
1.549491
1.549571
1.549653
1.549735
1.549819
1.549904
1.549990
1.550078
1.550167
1.550257
1.550348
1.550441
1.550536
1.550631
1.550729
1.550827
1.550927
1.551029
1.551132
1.551237
1.551344
1.551451
1.551561
1.551672
1.551785
1.551899
1.552015
1.552133
1.552253
1.552374
1.552497
1.552621
1.552747
1.552875
1.553005
1.553137
1.553270
1.553405
1.553542
1.553681
1.553821
1.553963
1.554108
1.554253
1.554401
1.554551
1.554702
1.554855
1.555010
1.555167
1.555326
1.555486
1.555649
1.555813
1.555979
1.556147
1.556316
1.556488
1.556661
1.556836
1.557013
1.557192
1.557373
1.557555
1.557739
1.557926
1.558113
1.558303
1.558494
1.558687
1.558882
1.559079
1.559277
1.559477
1.559679
1.559883
1.560088
1.560295
1.560504
1.560714
1.560926
1.561140
1.561355
1.561572
1.561790
1.562010
1.562232
1.562455
1.562680
1.562907
1.563135
1.563364
1.563595
1.563828
1.564062
1.564297
1.564534
1.564772
1.565012
1.565253
1.565496
1.565740
1.565985
1.566231
1.566479
1.566729
1.566979
1.567231
1.567484
1.567738
1.567994
1.568250
1.568508
1.568768
1.569028
1.569289
1.569552
1.569815
1.570080
1.570346
1.570613
1.570881
1.571150
1.571420
1.571691
1.571963
1.572235
1.572509
1.572784
1.573060
1.573336
1.573614
1.573892
1.574171
1.574451
1.574732
1.575013
1.575296
1.575579
1.575863
1.576147
1.576432
1.576718
1.577005
1.577292
1.577580
1.577869
1.578158
1.578448
1.578739
1.579030
1.579321
1.579614
1.579906
1.580200
1.580493
1.580788
1.581082
1.581377
1.581673
1.581969
1.582266
1.582563
1.582860
1.583158
1.583456
1.583755
1.584053
1.584353
1.584652
1.584952
1.585252
1.585553
1.585853
1.586154
1.586456
1.586757
1.587059
1.587361
1.587663
1.587966
1.588269
1.588571
1.588875
1.589178
1.589481
1.589785
1.590088
1.590392
1.590696
1.591000
1.591305
1.591609
1.591913
1.592218
1.592522
1.592827
1.593132
1.593436
1.593741
1.594046
1.594351
1.594656
1.594961
1.595266
1.595571
1.595876
1.596181
1.596486
1.596791
1.597096
1.597400
1.597705
1.598010
1.598315
1.598619
1.598924
1.599229
1.599533
1.599837
1.600142
1.600446
1.600750
1.601054
1.601358
1.601662
1.601966
1.602269
1.602573
1.602876
1.603179
1.603482
1.603785
1.604088
1.604391
1.604693
1.604996
1.605298
1.605600
1.605902
1.606204
1.606505
1.606806
1.607108
1.607409
1.607709
1.608010
1.608310
1.608611
1.608911
1.609211
1.609510
1.609810
1.610109
1.610408
1.610706
1.611005
1.611303
1.611601
1.611899
1.612197
1.612494
1.612791
1.613088
1.613385
1.613681
1.613978
1.614273
1.614569
1.614865
1.615160
1.615455
1.615749
1.616044
1.616338
1.616632
1.616925
1.617218
1.617511
1.617804
1.618097
1.618389
1.618681
1.618972
1.619264
1.619555
1.619846
1.620136
1.620426
1.620716
1.621006
1.621295
1.621584
1.621872
1.622161
1.622449
1.622737
1.623024
1.623311
1.623598
1.623884
1.624171
1.624456
1.624742
1.625027
1.625312
1.625596
1.625881
1.626165
1.626448
1.626731
1.627014
1.627297
1.627579
1.627861
1.628142
1.628423
1.628704
1.628985
1.629265
1.629545
1.629824
1.630103
1.630382
1.630660
1.630938
1.631216
1.631493
1.631770
1.632046
1.632323
1.632598
1.632874
1.633149
1.633424
1.633698
1.633972
1.634245
1.634518
1.634791
1.635064
1.635336
1.635607
1.635879
1.636149
1.636420
1.636690
1.636960
1.637229
1.637498
1.637766
1.638034
1.638302
1.638569
1.638836
1.639103
1.639369
1.639634
1.639899
1.640164
1.640429
1.640693
1.640956
1.641219
1.641482
1.641744
1.642006
1.642268
1.642529
1.642789
1.643049
1.643309
1.643568
1.643827
1.644085
1.644343
1.644601
1.644858
1.645115
1.645371
1.645627
1.645882
1.646137
1.646391
1.646645
1.646899
1.647152
1.647404
1.647656
1.647908
1.648159
1.648410
1.648660
1.648910
1.649159
1.649408
1.649656
1.649904
1.650152
1.650399
1.650645
1.650891
1.651137
1.651382
1.651626
1.651870
1.652114
1.652357
1.652599
1.652842
1.653083
1.653324
1.653565
1.653805
1.654045
1.654284
1.654522
1.654760
1.654998
1.655235
1.655472
1.655708
1.655943
1.656178
1.656413
1.656647
1.656881
1.657113
1.657346
1.657578
1.657809
1.658040
1.658271
1.658500
1.658730
1.658959
1.659187
1.659415
1.659642
1.659868
1.660095
1.660320
1.660545
1.660770
1.660994
1.661217
1.661440
1.661662
1.661884
1.662105
1.662326
1.662546
1.662766
1.662985
1.663203
1.663421
1.663639
1.663855
1.664072
1.664287
1.664503
1.664717
1.664931
1.665145
1.665357
1.665570
1.665781
1.665993
1.666203
1.666413
1.666623
1.666832
1.667040
1.667248
1.667455
1.667661
1.667867
1.668073
1.668278
1.668482
1.668685
1.668889
1.669091
1.669293
1.669494
1.669695
1.669895
1.670095
1.670294
1.670492
1.670690
1.670887
1.671083
1.671279
1.671475
1.671670
1.671864
1.672057
1.672250
1.672443
1.672634
1.672826
1.673016
1.673206
1.673395
1.673584
1.673772
1.673960
1.674147
1.674333
1.674519
1.674704
1.674888
1.675072
1.675255
1.675438
1.675620
1.675801
1.675982
1.676162
1.676342
1.676520
1.676699
1.676876
1.677053
1.677230
1.677406
1.677581
1.677755
1.677929
1.678103
1.678275
1.678447
1.678619
1.678789
1.678960
1.679129
1.679298
1.679466
1.679634
1.679801
1.679967
1.680133
1.680298
1.680462
1.680626
1.680790
1.680952
1.681114
1.681275
1.681436
1.681596
1.681755
1.681914
1.682072
1.682230
1.682386
1.682543
1.682698
1.682853
1.683007
1.683161
1.683314
1.683466
1.683618
1.683769
1.683919
1.684069
1.684218
1.684367
1.684515
1.684662
1.684808
1.684954
1.685100
1.685244
1.685388
1.685532
1.685674
1.685816
1.685958
1.686099
1.686239
1.686378
1.686517
1.686655
1.686793
1.686929
1.687066
1.687201
1.687336
1.687471
1.687604
1.687737
1.687870
1.688001
1.688132
1.688263
1.688393
1.688522
1.688650
1.688778
1.688905
1.689032
1.689158
1.689283
1.689407
1.689531
1.689655
1.689777
1.689899
1.690021
1.690141
1.690261
1.690381
1.690500
1.690618
1.690735
1.690852
1.690968
1.691084
1.691199
1.691313
1.691427
1.691540
1.691652
1.691764
1.691875
1.691985
1.692095
1.692204
1.692312
1.692420
1.692527
1.692634
1.692740
1.692845
1.692950
1.693054
1.693157
1.693260
1.693362
1.693463
1.693564
1.693664
1.693763
1.693862
1.693961
1.694058
1.694155
1.694251
1.694347
1.694442
1.694536
1.694630
1.694723
1.694816
1.694908
2.983026
4.736918
4.469832
4.062734
3.543715
2.977227
2.433621
1.966913
1.608217
1.352940
1.181046
1.067357
0.990864
0.938846
0.903921
0.881278
0.867476
0.859983
0.856944
0.857021
0.859263
0.863004
0.867780
0.873275
0.879273
0.885630
0.892252
0.899077
0.906065
0.913191
0.920438
0.927797
0.935258
0.942815
0.950461
0.958187
0.965985
0.973845
0.981755
0.989702
0.997674
1.005655
1.013632
1.021592
1.029521
1.037409
1.045248
1.053029
1.060749
1.068408
1.076005
1.083547
1.091039
1.098490
1.105914
1.113321
1.120726
1.128145
1.135593
1.143084
1.150634
1.158257
1.165965
1.173769
1.181679
1.189702
1.197841
1.206098
1.214471
1.222954
1.231538
1.240207
1.248944
1.257725
1.266521
1.275299
1.284020
1.292643
1.301122
1.309411
1.317464
1.325239
1.332699
1.339815
1.346569
1.352954
1.358975
1.364648
1.369993
1.375038
1.379812
1.384343
1.388658
1.392780
1.396730
1.400523
1.404175
1.407695
1.411093
1.414377
1.417551
1.420623
1.423597
1.426477
1.429267
1.431971
1.434593
1.437136
1.439604
1.442000
1.444327
1.446589
1.448787
1.450925
1.453007
1.455033
1.457007
1.458931
1.460807
1.462638
1.464426
1.466171
1.467878
1.469546
1.471178
1.472776
1.474340
1.475872
1.477374
1.478847
1.480291
1.481709
1.483100
1.484467
1.485809
1.487128
1.488424
1.489699
1.490952
1.492185
1.493398
1.494592
1.495767
1.496923
1.498061
1.499182
1.500286
1.501373
1.502443
1.503497
1.504535
1.505557
1.506564
1.507556
1.508533
1.509494
1.510441
1.511374
1.512292
1.513196
1.514085
1.514961
1.515823
1.516670
1.517504
1.518325
1.519132
1.519925
1.520705
1.521471
1.522224
1.522964
1.523690
1.524404
1.525104
1.525791
1.526465
1.527126
1.527775
1.528410
1.529032
1.529642
1.530239
1.530824
1.531396
1.531955
1.532502
1.533036
1.533559
1.534068
1.534566
1.535052
1.535525
1.535987
1.536437
1.536875
1.537301
1.537716
1.538119
1.538511
1.538891
1.539261
1.539619
1.539966
1.540303
1.540629
1.540944
1.541249
1.541543
1.541827
1.542102
1.542366
1.542621
1.542865
1.543101
1.543327
1.543544
1.543752
1.543951
1.544141
1.544323
1.544496
1.544661
1.544818
1.544967
1.545109
1.545242
1.545369
1.545488
1.545600
1.545705
1.545804
1.545896
1.545982
1.546061
1.546135
1.546203
1.546265
1.546321
1.546373
1.546419
1.546460
1.546496
1.546528
1.546556
1.546579
1.546598
1.546614
1.546625
1.546634
1.546638
1.546640
1.546638
1.546634
1.546627
1.546618
1.546606
1.546592
1.546575
1.546557
1.546538
1.546517
1.546494
1.546470
1.546445
1.546419
1.546392
1.546365
1.546337
1.546309
1.546281
1.546252
1.546224
1.546196
1.546168
1.546141
1.546114
1.546088
1.546063
1.546039
1.546016
1.545994
1.545974
1.545955
1.545938
1.545923
1.545909
1.545898
1.545889
1.545881
1.545876
1.545874
1.545874
1.545877
1.545882
1.545891
1.545902
1.545916
1.545934
1.545954
1.545979
1.546006
1.546037
1.546072
1.546110
1.546153
1.546199
1.546249
1.546303
1.546362
1.546425
1.546492
1.546563
1.546639
1.546720
1.546805
1.546894
1.546989
1.547089
1.547193
1.547302
1.547417
1.547536
1.547661
1.547791
1.547926
1.548066
1.548212
1.548363
1.548520
1.548682
1.548850
1.549023
1.549202
1.549387
1.549577
1.549773
1.549975
1.550182
1.550396
1.550615
1.550840
1.551070
1.551307
1.551549
1.551798
1.552052
1.552311
1.552577
1.552849
1.553126
1.553409
1.553698
1.553993
1.554293
1.554600
1.554911
1.555229
1.555552
1.555881
1.556215
1.556555
1.556900
1.557251
1.557608
1.557969
1.558336
1.558708
1.559086
1.559468
1.559856
1.560248
1.560646
1.561049
1.561456
1.561868
1.562285
1.562707
1.563133
1.563564
1.563999
1.564439
1.564882
1.565331
1.565783
1.566240
1.566700
1.567165
1.567633
1.568105
1.568581
1.569061
1.569544
1.570031
1.570521
1.571014
1.571511
1.572011
1.572514
1.573021
1.573530
1.574042
1.574557
1.575075
1.575595
1.576118
1.576644
1.577172
1.577703
1.578236
1.578771
1.579309
1.579848
1.580390
1.580934
1.581480
1.582027
1.582577
1.583128
1.583681
1.584235
1.584792
1.585349
1.585908
1.586469
1.587031
1.587594
1.588159
1.588725
1.589292
1.589860
1.590429
1.590999
1.591570
1.592142
1.592714
1.593288
1.593863
1.594438
1.595014
1.595590
1.596167
1.596745
1.597323
1.597902
1.598482
1.599061
1.599641
1.600222
1.600803
1.601384
1.601965
1.602547
1.603129
1.603711
1.604294
1.604876
1.605459
1.606041
1.606624
1.607207
1.607790
1.608373
1.608956
1.609538
1.610121
1.610704
1.611287
1.611869
1.612452
1.613034
1.613616
1.614198
1.614780
1.615362
1.615943
1.616524
1.617105
1.617686
1.618267
1.618847
1.619427
1.620006
1.620586
1.621165
1.621744
1.622322
1.622901
1.623479
1.624056
1.624633
1.625210
1.625787
1.626363
1.626939
1.627514
1.628089
1.628664
1.629238
1.629812
1.630386
1.630959
1.631532
1.632104
1.632676
1.633248
1.633819
1.634390
1.634960
1.635530
1.636100
1.636669
1.637238
1.637806
1.638374
1.638941
1.639508
1.640075
1.640641
1.641207
1.641772
1.642337
1.642902
1.643466
1.644030
1.644593
1.645156
1.645718
1.646280
1.646842
1.647403
1.647963
1.648524
1.649083
1.649643
1.650202
1.650760
1.651318
1.651876
1.652433
1.652990
1.653546
1.654102
1.654657
1.655212
1.655766
1.656320
1.656874
1.657427
1.657980
1.658532
1.659083
1.659635
1.660186
1.660736
1.661286
1.661835
1.662384
1.662932
1.663480
1.664028
1.664575
1.665121
1.665667
1.666213
1.666758
1.667302
1.667847
1.668390
1.668933
1.669476
1.670018
1.670559
1.671100
1.671640
1.672180
1.672719
1.673258
1.673797
1.674334
1.674871
1.675408
1.675944
1.676479
1.677014
1.677548
1.678082
1.678615
1.679148
1.679680
1.680211
1.680742
1.681272
1.681801
1.682330
1.682858
1.683385
1.683912
1.684439
1.684964
1.685489
1.686013
1.686537
1.687059
1.687581
1.688103
1.688624
1.689143
1.689663
1.690181
1.690699
1.691216
1.691732
1.692248
1.692762
1.693276
1.693789
1.694301
1.694813
1.695324
1.695833
1.696342
1.696851
1.697358
1.697864
1.698370
1.698875
1.699378
1.699881
1.700383
1.700884
1.701385
1.701884
1.702382
1.702879
1.703376
1.703871
1.704366
1.704859
1.705351
1.705843
1.706333
1.706822
1.707311
1.707798
1.708284
1.708769
1.709253
1.709736
1.710218
1.710699
1.711179
1.711657
1.712134
1.712611
1.713086
1.713559
1.714032
1.714504
1.714974
1.715443
1.715911
1.716377
1.716843
1.717307
1.717769
1.718231
1.718691
1.719150
1.719608
1.720064
1.720519
1.720973
1.721425
1.721876
1.722325
1.722773
1.723220
1.723665
1.724109
1.724552
1.724993
1.725432
1.725871
1.726307
1.726742
1.727176
1.727608
1.728039
1.728468
1.728895
1.729321
1.729746
1.730169
1.730590
1.731010
1.731428
1.731844
1.732259
1.732672
1.733084
1.733494
1.733902
1.734308
1.734713
1.735116
1.735518
1.735917
1.736315
1.736712
1.737106
1.737499
1.737890
1.738279
1.738666
1.739052
1.739436
1.739818
1.740198
1.740576
1.740952
1.741327
1.741700
1.742070
1.742439
1.742806
1.743171
1.743534
1.743896
1.744255
1.744612
1.744967
1.745321
1.745672
1.746022
1.746369
1.746714
1.747058
1.747399
1.747738
1.748076
1.748411
1.748744
1.749075
1.749404
1.749731
1.750056
1.750378
1.750699
1.751017
1.751334
1.751648
1.751960
1.752270
1.752577
1.752883
1.753186
1.753487
1.753786
1.754083
1.754377
1.754670
1.754960
1.755248
1.755533
1.755817
1.756098
1.756377
1.756653
1.756927
1.757199
1.757469
1.757736
1.758002
1.758264
1.758525
1.758783
1.759039
1.759292
1.759543
1.759792
1.760038
1.760282
1.760524
1.760763
1.761000
1.761234
1.761467
1.761696
1.761923
1.762148
1.762371
1.762591
1.762808
1.763024
1.763236
1.763446
1.763654
1.763860
1.764063
1.764263
1.764461
1.764656
1.764849
1.765040
1.765228
1.765413
1.765596
1.765777
1.765955
1.766130
1.766303
1.766474
1.766642
1.766807
1.766970
1.767130
1.767288
1.767443
1.767596
1.767746
1.767894
1.768038
1.768181
1.768321
1.768458
1.768593
1.768725
1.768854
1.768981
1.769106
1.769227
1.769347
1.769463
1.769577
1.769689
1.769797
1.769903
1.770007
1.770108
1.770206
1.770302
1.770395
1.770485
1.770573
1.770658
1.770740
1.770820
1.770897
1.770972
1.771044
1.771113
1.771179
1.771243
1.771304
1.771363
1.771419
1.771472
1.771522
1.771570
1.771615
1.771658
1.771698
1.771735
1.771769
1.771801
1.771830
1.771856
1.771880
1.771900
1.771919
1.771934
1.771947
1.771957
1.771964
1.771968
1.771970
1.771969
1.771965
1.771959
1.771950
1.771938
1.771923
1.771906
1.771885
1.771863
1.771837
1.771808
1.771777
1.771743
1.771706
1.771666
1.771624
1.771579
1.771531
1.771480
1.771426
1.771370
1.771311
1.771248
1.771184
1.771116
1.771045
1.770972
1.770896
1.770817
1.770735
1.770650
1.770562
1.770472
1.770378
1.770282
1.770183
1.770081
1.769976
1.769869
1.769758
1.769644
1.769528
1.769408
1.769286
1.769161
1.769033
1.768902
1.768768
1.768631
1.768491
1.768348
1.768202
1.768054
1.767902
1.767747
1.767590
1.767429
1.767266
1.767099
1.766929
1.766757
1.766581
1.766403
1.766221
1.766037
1.765849
1.765659
1.765465
1.765268
1.765069
1.764866
1.764660
1.764451
1.764239
1.764025
1.763807
1.763586
1.763362
1.763135
1.762905
1.762671
1.762435
1.762196
1.761954
1.761708
1.761460
1.761208
1.760954
1.760696
1.760436
1.760172
1.759905
1.759636
1.759363
1.759087
1.758809
1.758527
1.758242
1.757954
1.757664
1.757370
1.757073
1.756774
1.756471
1.756166
1.755857
1.755546
1.755232
1.754915
1.754595
1.754272
1.753946
1.753618
1.753287
1.752953
1.752616
1.752277
1.751935
1.751590
1.751243
1.750893
1.750540
1.750185
3.502307
5.679332
5.649555
5.588936
5.508227
5.390508
5.210742
4.936863
4.545758
4.047806
3.485565
2.912736
2.382175
1.935930
1.597559
1.359792
1.199351
1.091143
1.017755
0.968594
0.936513
0.916348
0.904391
0.898055
0.895571
0.895751
0.897794
0.901162
0.905493
0.910537
0.916122
0.922128
0.928467
0.935073
0.941899
0.948903
0.956054
0.963323
0.970688
0.978127
0.985619
0.993148
1.000697
1.008252
1.015801
1.023332
1.030836
1.038307
1.045739
1.053130
1.060479
1.067788
1.075059
1.082297
1.089509
1.096702
1.103884
1.111065
1.118255
1.125463
1.132698
1.139971
1.147289
1.154662
1.162097
1.169601
1.177178
1.184835
1.192574
1.200398
1.208308
1.216303
1.224385
1.232549
1.240793
1.249113
1.257504
1.265959
1.274472
1.283035
1.291639
1.300274
1.308930
1.317597
1.326263
1.334917
1.343548
1.352142
1.360691
1.369182
1.377607
1.385957
1.394224
1.402402
1.410486
1.418473
1.426358
1.434142
1.441822
1.449399
1.456872
1.464243
1.471511
1.478678
1.485743
1.492708
1.499572
1.506335
1.512996
1.519553
1.526005
1.532351
1.538587
1.544711
1.550719
1.556610
1.562379
1.568022
1.573536
1.578919
1.584165
1.589272
1.594236
1.599054
1.603724
1.608243
1.612609
1.616818
1.620871
1.624765
1.628499
1.632073
1.635486
1.638738
1.641830
1.644761
1.647534
1.650149
1.652608
1.654912
1.657065
1.659067
1.660923
1.662634
1.664204
1.665636
1.666933
1.668099
1.669137
1.670051
1.670844
1.671521
1.672085
1.672539
1.672887
1.673133
1.673280
1.673330
1.673287
1.673154
1.672934
1.672628
1.672239
1.671770
1.671222
1.670596
1.669895
1.669118
1.668269
1.667347
1.666353
1.665288
1.664154
1.662950
1.661678
1.660338
1.658932
1.657461
1.655926
1.654329
1.652674
1.650961
1.649195
1.647380
1.645519
1.643619
1.641683
1.639720
1.637735
1.635737
1.633733
1.631731
1.629739
1.627768
1.625824
1.623918
1.622055
1.620245
1.618494
1.616808
1.615192
1.613651
1.612187
1.610804
1.609502
1.608281
1.607141
1.606081
1.605098
1.604190
1.603354
1.602586
1.601883
1.601239
1.600652
1.600118
1.599631
1.599188
1.598786
1.598420
1.598088
1.597784
1.597508
1.597255
1.597024
1.596811
1.596614
1.596432
1.596262
1.596104
1.595954
1.595813
1.595678
1.595550
1.595426
1.595306
1.595190
1.595076
1.594964
1.594854
1.594745
1.594638
1.594530
1.594423
1.594317
1.594210
1.594103
1.593996
1.593888
1.593780
1.593671
1.593562
1.593453
1.593342
1.593232
1.593120
1.593008
1.592896
1.592783
1.592670
1.592556
1.592442
1.592328
1.592213
1.592099
1.591984
1.591869
1.591754
1.591639
1.591523
1.591409
1.591294
1.591179
1.591065
1.590951
1.590837
1.590723
1.590610
1.590498
1.590386
1.590275
1.590164
1.590054
1.589944
1.589836
1.589728
1.589621
1.589515
1.589409
1.589305
1.589202
1.589099
1.588998
1.588897
1.588798
1.588700
1.588603
1.588507
1.588413
1.588320
1.588228
1.588137
1.588048
1.587960
1.587873
1.587788
1.587704
1.587621
1.587540
1.587461
1.587383
1.587307
1.587232
1.587158
1.587087
1.587016
1.586948
1.586881
1.586815
1.586752
1.586690
1.586629
1.586571
1.586514
1.586459
1.586405
1.586353
1.586303
1.586255
1.586208
1.586164
1.586121
1.586080
1.586040
1.586003
1.585967
1.585933
1.585901
1.585870
1.585842
1.585815
1.585790
1.585767
1.585746
1.585727
1.585709
1.585694
1.585680
1.585668
1.585658
1.585650
1.585644
1.585639
1.585637
1.585636
1.585637
1.585640
1.585645
1.585652
1.585661
1.585671
1.585683
1.585698
1.585714
1.585732
1.585751
1.585773
1.585797
1.585822
1.585849
1.585878
1.585909
1.585942
1.585976
1.586012
1.586051
1.586091
1.586132
1.586176
1.586221
1.586269
1.586318
1.586369
1.586421
1.586476
1.586532
1.586590
1.586649
1.586711
1.586774
1.586839
1.586906
1.586974
1.587045
1.587116
1.587190
1.587265
1.587343
1.587421
1.587502
1.587584
1.587668
1.587753
1.587840
1.587929
1.588020
1.588112
1.588206
1.588301
1.588398
1.588497
1.588597
1.588699
1.588802
1.588907
1.589014
1.589122
1.589232
1.589343
1.589456
1.589571
1.589687
1.589804
1.589923
1.590044
1.590166
1.590289
1.590415
1.590541
1.590669
1.590799
1.590929
1.591062
1.591196
1.591331
1.591468
1.591606
1.591745
1.591886
1.592029
1.592172
1.592317
1.592464
1.592612
1.592761
1.592912
1.593064
1.593217
1.593371
1.593527
1.593685
1.593843
1.594003
1.594164
1.594327
1.594490
1.594655
1.594821
1.594989
1.595158
1.595328
1.595499
1.595671
1.595845
1.596020
1.596196
1.596373
1.596552
1.596731
1.596912
1.597094
1.597277
1.597462
1.597647
1.597834
1.598022
1.598210
1.598400
1.598592
1.598784
1.598977
1.599172
1.599367
1.599564
1.599761
1.599960
1.600160
1.600361
1.600563
1.600766
1.600970
1.601175
1.601381
1.601588
1.601796
1.602005
1.602215
1.602427
1.602639
1.602852
1.603066
1.603281
1.603497
1.603714
1.603932
1.604151
1.604371
1.604591
1.604813
1.605036
1.605259
1.605484
1.605709
1.605935
1.606163
1.606391
1.606620
1.606850
1.607080
1.607312
1.607545
1.607778
1.608012
1.608247
1.608483
1.608720
1.608958
1.609196
1.609436
1.609676
1.609917
1.610159
1.610401
1.610645
1.610889
1.611134
1.611380
1.611626
1.611874
1.612122
1.612371
1.612620
1.612871
1.613122
1.613374
1.613627
1.613881
1.614135
1.614390
1.614646
1.614902
1.615159
1.615417
1.615676
1.615936
1.616196
1.616456
1.616718
1.616980
1.617243
1.617507
1.617771
1.618036
1.618302
1.618568
1.618835
1.619103
1.619372
1.619641
1.619910
1.620181
1.620452
1.620724
1.620996
1.621269
1.621543
1.621817
1.622092
1.622367
1.622643
1.622920
1.623198
1.623476
1.623754
1.624033
1.624313
1.624594
1.624875
1.625156
1.625439
1.625722
1.626005
1.626289
1.626573
1.626859
1.627144
1.627431
1.627717
1.628005
1.628293
1.628581
1.628870
1.629160
1.629450
1.629741
1.630032
1.630324
1.630616
1.630909
1.631203
1.631496
1.631791
1.632086
1.632381
1.632677
1.632974
1.633271
1.633568
1.633866
1.634165
1.634464
1.634763
1.635063
1.635363
1.635664
1.635966
1.636268
1.636570
1.636873
1.637176
1.637480
1.637784
1.638088
1.638394
1.638699
1.639005
1.639311
1.639618
1.639926
1.640233
1.640541
1.640850
1.641159
1.641469
1.641778
1.642089
1.642399
1.642710
1.643022
1.643334
1.643646
1.643959
1.644272
1.644585
1.644899
1.645214
1.645528
1.645843
1.646159
1.646474
1.646791
1.647107
1.647424
1.647741
1.648059
1.648377
1.648695
1.649014
1.649333
1.649652
1.649972
1.650292
1.650612
1.650933
1.651254
1.651575
1.651897
1.652219
1.652542
1.652864
1.653187
1.653510
1.653834
1.654158
1.654482
1.654806
1.655131
1.655456
1.655782
1.656107
1.656433
1.656759
1.657086
1.657413
1.657740
1.658067
1.658394
1.658722
1.659050
1.659379
1.659707
1.660036
1.660365
1.660694
1.661024
1.661354
1.661684
1.662014
1.662344
1.662675
1.663006
1.663337
1.663669
1.664000
1.664332
1.664664
1.664996
1.665328
1.665661
1.665994
1.666327
1.666660
1.666993
1.667327
1.667661
1.667994
1.668329
1.668663
1.668997
1.669332
1.669667
1.670001
1.670336
1.670672
1.671007
1.671343
1.671678
1.672014
1.672350
1.672686
1.673022
1.673358
1.673695
1.674032
1.674368
1.674705
1.675042
1.675379
1.675716
1.676053
1.676391
1.676728
1.677066
1.677403
1.677741
1.678079
1.678417
1.678755
1.679093
1.679431
1.679769
1.680107
1.680446
1.680784
1.681123
1.681461
1.681800
1.682138
1.682477
1.682816
1.683154
1.683493
1.683832
1.684171
1.684510
1.684849
1.685187
1.685526
1.685865
1.686204
1.686543
1.686882
1.687221
1.687560
1.687899
1.688238
1.688577
1.688916
1.689255
1.689594
1.689933
1.690272
1.690611
1.690950
1.691289
1.691627
1.691966
1.692305
1.692643
1.692982
1.693321
1.693659
1.693998
1.694336
1.694674
1.695013
1.695351
1.695689
1.696027
1.696365
1.696703
1.697041
1.697378
1.697716
1.698054
1.698391
1.698728
1.699066
1.699403
1.699740
1.700077
1.700414
1.700750
1.701087
1.701423
1.701760
1.702096
1.702432
1.702768
1.703104
1.703439
1.703775
1.704110
1.704446
1.704781
1.705116
1.705450
1.705785
1.706119
1.706454
1.706788
1.707122
1.707455
1.707789
1.708122
1.708456
1.708789
1.709122
1.709454
1.709787
1.710119
1.710451
1.710783
1.711114
1.711446
1.711777
1.712108
1.712439
1.712769
1.713100
1.713430
1.713760
1.714089
1.714419
1.714748
1.715077
1.715406
1.715734
1.716062
1.716390
1.716718
1.717045
1.717372
1.717699
1.718026
1.718352
1.718678
1.719004
1.719330
1.719655
1.719980
1.720305
1.720629
1.720953
1.721277
1.721600
1.721924
1.722246
1.722569
1.722891
1.723213
1.723535
1.723856
1.724177
1.724498
1.724818
1.725138
1.725458
1.725777
1.726096
1.726415
1.726733
1.727051
1.727369
1.727686
1.728003
1.728320
1.728636
1.728952
1.729267
1.729582
1.729897
1.730212
1.730526
1.730839
1.731152
1.731465
1.731778
1.732090
1.732402
1.732713
1.733024
1.733334
1.733645
1.733954
1.734264
1.734572
1.734881
1.735189
1.735497
1.735804
1.736111
1.736417
1.736723
1.737029
1.737334
1.737638
1.737943
1.738246
1.738550
1.738853
1.739155
1.739457
1.739759
1.740060
1.740360
1.740660
1.740960
1.741259
1.741558
1.741857
1.742154
1.742452
1.742749
1.743045
1.743341
1.743636
1.743931
1.744226
1.744520
1.744813
1.745106
1.745399
1.745691
1.745982
1.746273
1.746564
1.746854
1.747143
1.747432
1.747720
1.748008
1.748296
1.748582
1.748869
1.749155
1.749440
1.749725
1.750009
1.750292
1.750575
1.750858
1.751140
1.751422
1.751702
1.751983
1.752263
1.752542
1.752821
1.753099
1.753376
1.753653
1.753930
1.754206
1.754481
1.754756
1.755030
1.755303
1.755576
1.755849
3.133526
4.629263
4.461351
4.214382
3.877264
3.456287
2.984908
2.507028
2.068104
1.705762
1.432627
1.240706
1.110648
1.021748
0.960312
0.918294
0.890388
0.872715
0.862366
0.857196
0.855654
0.856641
0.859388
0.863363
0.868202
0.873656
0.879557
0.885792
0.892287
0.898992
0.905873
0.912908
0.920079
0.927376
0.934787
0.942301
0.949907
0.957595
0.965349
0.973157
0.981002
0.988867
0.996736
1.004592
1.012419
1.020200
1.027924
1.035579
1.043157
1.050652
1.058062
1.065387
1.072631
1.079800
1.086904
1.093952
1.100957
1.107933
1.114895
1.121856
1.128833
1.135840
1.142890
1.149997
1.157171
1.164424
1.171764
1.179197
1.186730
1.194364
1.202102
1.209941
1.217880
1.225912
1.234030
1.242223
1.250481
1.258786
1.267121
1.275464
1.283790
1.292073
1.300281
1.308384
1.316349
1.324148
1.331754
1.339145
1.346305
1.353225
1.359901
1.366336
1.372535
1.378508
1.384265
1.389818
1.395176
1.400349
1.405347
1.410175
1.414842
1.419351
1.423708
1.427916
1.431978
1.435899
1.439679
1.443322
1.446831
1.450208
1.453456
1.456577
1.459573
1.462447
1.465202
1.467841
1.470366
1.472780
1.475085
1.477285
1.479382
1.481380
1.483282
1.485090
1.486807
1.488438
1.489984
1.491450
1.492838
1.494151
1.495394
1.496568
1.497678
1.498726
1.499716
1.500651
1.501533
1.502366
1.503152
1.503895
1.504597
1.505261
1.505890
1.506485
1.507050
1.507586
1.508096
1.508582
1.509046
1.509490
1.509915
1.510324
1.510718
1.511098
1.511467
1.511824
1.512173
1.512513
1.512847
1.513175
1.513497
1.513816
1.514132
1.514446
1.514758
1.515069
1.515380
1.515691
1.516004
1.516318
1.516634
1.516952
1.517273
1.517597
1.517924
1.518255
1.518590
1.518929
1.519271
1.519618
1.519970
1.520325
1.520686
1.521050
1.521419
1.521792
1.522169
1.522551
1.522936
1.523326
1.523719
1.524115
1.524515
1.524918
1.525324
1.525733
1.526144
1.526558
1.526973
1.527391
1.527809
1.528229
1.528650
1.529071
1.529493
1.529914
1.530336
1.530757
1.531177
1.531595
1.532013
1.532429
1.532842
1.533254
1.533663
1.534069
1.534472
1.534872
1.535268
1.535660
1.536049
1.536433
1.536812
1.537187
1.537557
1.537921
1.538281
1.538635
1.538983
1.539326
1.539662
1.539993
1.540317
1.540635
1.540946
1.541251
1.541549
1.541840
1.542124
1.542402
1.542672
1.542936
1.543192
1.543442
1.543684
1.543919
1.544146
1.544367
1.544580
1.544786
1.544985
1.545177
1.545362
1.545539
1.545709
1.545873
1.546029
1.546178
1.546321
1.546456
1.546585
1.546707
1.546823
1.546931
1.547034
1.547130
1.547219
1.547303
1.547380
1.547451
1.547516
1.547575
1.547629
1.547677
1.547719
1.547756
1.547788
1.547814
1.547835
1.547851
1.547863
1.547869
1.547871
1.547868
1.547861
1.547850
1.547835
1.547815
1.547792
1.547765
1.547734
1.547700
1.547662
1.547621
1.547577
1.547530
1.547480
1.547427
1.547372
1.547314
1.547254
1.547192
1.547127
1.547061
1.546993
1.546923
1.546851
1.546778
1.546704
1.546628
1.546552
1.546474
1.546396
1.546317
1.546237
1.546157
1.546076
1.545996
1.545915
1.545834
1.545754
1.545673
1.545593
1.545513
1.545435
1.545356
1.545279
1.545202
1.545127
1.545052
1.544979
1.544907
1.544837
1.544768
1.544701
1.544636
1.544572
1.544511
1.544451
1.544394
1.544339
1.544286
1.544236
1.544188
1.544143
1.544101
1.544062
1.544025
1.543992
1.543962
1.543935
1.543911
1.543891
1.543874
1.543860
1.543851
1.543845
1.543843
1.543845
1.543851
1.543861
1.543875
1.543894
1.543916
1.543944
1.543976
1.544012
1.544053
1.544099
1.544150
1.544205
1.544266
1.544332
1.544402
1.544478
1.544560
1.544646
1.544739
1.544836
1.544939
1.545048
1.545163
1.545283
1.545409
1.545540
1.545678
1.545822
1.545972
1.546127
1.546289
1.546457
1.546631
1.546812
1.546998
1.547191
1.547390
1.547596
1.547808
1.548026
1.548251
1.548482
1.548719
1.548963
1.549213
1.549470
1.549733
1.550003
1.550279
1.550562
1.550850
1.551146
1.551447
1.551755
1.552069
1.552390
1.552717
1.553050
1.553389
1.553735
1.554086
1.554444
1.554807
1.555177
1.555552
1.555934
1.556321
1.556714
1.557113
1.557517
1.557927
1.558342
1.558763
1.559190
1.559621
1.560058
1.560500
1.560947
1.561399
1.561856
1.562318
1.562784
1.563256
1.563732
1.564212
1.564697
1.565187
1.565680
1.566178
1.566680
1.567186
1.567696
1.568210
1.568728
1.569249
1.569774
1.570303
1.570835
1.571371
1.571909
1.572451
1.572996
1.573545
1.574096
1.574650
1.575207
1.575766
1.576329
1.576893
1.577461
1.578031
1.578603
1.579177
1.579754
1.580333
1.580913
1.581496
1.582081
1.582668
1.583256
1.583846
1.584438
1.585032
1.585627
1.586223
1.586821
1.587420
1.588021
1.588623
1.589226
1.589830
1.590435
1.591041
1.591648
1.592257
1.592866
1.593475
1.594086
1.594697
1.595310
1.595922
1.596536
1.597150
1.597764
1.598379
1.598995
1.599610
1.600227
1.600843
1.601460
1.602077
1.602695
1.603312
1.603930
1.604548
1.605166
1.605784
1.606403
1.607021
1.607640
1.608258
1.608876
1.609495
1.610113
1.610731
1.611349
1.611967
1.612585
1.613203
1.613820
1.614438
1.615055
1.615672
1.616288
1.616905
1.617521
1.618137
1.618753
1.619368
1.619983
1.620598
1.621212
1.621826
1.622440
1.623053
1.623666
1.624279
1.624891
1.625503
1.626115
1.626726
1.627337
1.627947
1.628557
1.629166
1.629776
1.630384
1.630992
1.631600
1.632208
1.632815
1.633421
1.634027
1.634633
1.635238
1.635843
1.636447
1.637051
1.637655
1.638258
1.638860
1.639462
1.640064
1.640665
1.641266
1.641866
1.642466
1.643065
1.643664
1.644262
1.644860
1.645458
1.646055
1.646652
1.647248
1.647844
1.648439
1.649034
1.649628
1.650222
1.650815
1.651408
1.652001
1.652593
1.653184
1.653775
1.654366
1.654956
1.655546
1.656135
1.656724
1.657312
1.657900
1.658488
1.659075
1.659661
1.660247
1.660833
1.661418
1.662002
1.662586
1.663170
1.663753
1.664336
1.664918
1.665500
1.666081
1.666662
1.667242
1.667822
1.668401
1.668980
1.669558
1.670136
1.670713
1.671290
1.671866
1.672442
1.673017
1.673592
1.674166
1.674739
1.675312
1.675885
1.676457
1.677028
1.677599
1.678170
1.678739
1.679308
1.679877
1.680445
1.681012
1.681579
1.682145
1.682711
1.683276
1.683840
1.684404
1.684967
1.685530
1.686091
1.686652
1.687213
1.687773
1.688332
1.688890
1.689448
1.690005
1.690561
1.691117
1.691672
1.692226
1.692779
1.693332
1.693884
1.694435
1.694985
1.695535
1.696084
1.696632
1.697179
1.697725
1.698270
1.698815
1.699359
1.699901
1.700443
1.700984
1.701525
1.702064
1.702602
1.703140
1.703676
1.704212
1.704746
1.705280
1.705812
1.706344
1.706874
1.707404
1.707932
1.708459
1.708986
1.709511
1.710035
1.710558
1.711080
1.711601
1.712121
1.712639
1.713156
1.713673
1.714188
1.714701
1.715214
1.715725
1.716235
1.716744
1.717252
1.717758
1.718263
1.718766
1.719269
1.719770
1.720269
1.720767
1.721264
1.721760
1.722254
1.722746
1.723237
1.723727
1.724215
1.724702
1.725187
1.725671
1.726153
1.726634
1.727113
1.727590
1.728066
1.728540
1.729013
1.729484
1.729953
1.730421
1.730887
1.731352
1.731814
1.732275
1.732734
1.733192
1.733648
1.734101
1.734554
1.735004
1.735452
1.735899
1.736344
1.736787
1.737228
1.737667
1.738104
1.738539
1.738972
1.739404
1.739833
1.740261
1.740686
1.741109
1.741531
1.741950
1.742367
1.742782
1.743195
1.743606
1.744015
1.744422
1.744826
1.745229
1.745629
1.746027
1.746423
1.746816
1.747207
1.747596
1.747983
1.748368
1.748750
1.749130
1.749508
1.749883
1.750256
1.750626
1.750995
1.751360
1.751724
1.752085
1.752443
1.752800
1.753153
1.753504
1.753853
1.754199
1.754543
1.754884
1.755223
1.755559
1.755893
1.756224
1.756552
1.756878
1.757202
1.757522
1.757840
1.758156
1.758468
1.758778
1.759086
1.759391
1.759693
1.759992
1.760289
1.760583
1.760874
1.761162
1.761448
1.761731
1.762011
1.762288
1.762563
1.762834
1.763103
1.763369
1.763633
1.763893
1.764150
1.764405
1.764657
1.764906
1.765152
1.765395
1.765635
1.765872
1.766107
1.766338
1.766567
1.766792
1.767015
1.767234
1.767451
1.767664
1.767875
1.768083
1.768287
1.768489
1.768687
1.768883
1.769075
1.769265
1.769451
1.769635
1.769815
1.769992
1.770166
1.770337
1.770505
1.770670
1.770832
1.770991
1.771146
1.771298
1.771448
1.771594
1.771737
1.771877
1.772013
1.772147
1.772277
1.772405
1.772529
1.772649
1.772767
1.772882
1.772993
1.773101
1.773206
1.773308
1.773406
1.773501
1.773593
1.773682
1.773768
1.773850
1.773929
1.774005
1.774078
1.774147
1.774213
1.774276
1.774336
1.774392
1.774445
1.774495
1.774541
1.774584
1.774624
1.774661
1.774694
1.774724
1.774750
1.774774
1.774794
1.774811
1.774824
1.774834
1.774841
1.774844
1.774844
1.774841
1.774834
1.774824
1.774811
1.774794
1.774774
1.774751
1.774724
1.774693
1.774660
1.774623
1.774583
1.774539
1.774492
1.774441
1.774387
1.774330
1.774269
1.774205
1.774137
1.774066
1.773992
1.773914
1.773833
1.773748
1.773660
1.773568
1.773473
1.773374
1.773272
1.773167
1.773058
1.772946
1.772830
1.772710
1.772587
1.772461
1.772331
1.772198
1.772061
1.771921
1.771777
1.771630
1.771479
1.771325
1.771167
1.771006
1.770841
1.770673
1.770501
1.770326
1.770147
1.769964
1.769778
1.769589
1.769396
1.769199
1.768999
1.768796
1.768589
1.768378
1.768164
1.767946
1.767725
1.767501
1.767272
1.767041
1.766805
1.766567
1.766325
1.766079
1.765830
1.765577
1.765321
1.765061
1.764798
1.764531
1.764261
1.763988
1.763711
1.763431
1.763147
1.762860
1.762569
1.762275
1.761978
1.761678
1.761374
1.761067
1.760756
1.760442
3.103977
5.162380
5.092982
4.943273
4.705933
4.365596
3.924054
3.410908
2.872469
2.362798
1.934630
1.609889
1.378824
1.221065
1.113015
1.038135
0.986615
0.951953
0.929375
0.915333
0.907256
0.903332
0.902309
0.903331
0.905811
0.909352
0.913680
0.918607
0.924003
0.929776
0.935860
0.942206
0.948774
0.955534
0.962458
0.969524
0.976707
0.983988
0.991345
0.998760
1.006214
1.013690
1.021174
1.028650
1.036110
1.043543
1.050944
1.058309
1.065637
1.072928
1.080186
1.087415
1.094624
1.101819
1.109010
1.116205
1.123416
1.130653
1.137924
1.145240
1.152610
1.160042
1.167543
1.175120
1.182778
1.190522
1.198354
1.206277
1.214291
1.222396
1.230590
1.238870
1.247234
1.255676
1.264191
1.272771
1.281410
1.290098
1.298828
1.307587
1.316367
1.325154
1.333938
1.342707
1.351449
1.360152
1.368805
1.377397
1.385921
1.394366
1.402728
1.410999
1.419176
1.427256
1.435236
1.443116
1.450896
1.458575
1.466154
1.473633
1.481013
1.488295
1.495479
1.502564
1.509550
1.516435
1.523218
1.529896
1.536467
1.542927
1.549273
1.555500
1.561605
1.567582
1.573428
1.579136
1.584703
1.590124
1.595394
1.600508
1.605464
1.610256
1.614883
1.619339
1.623624
1.627735
1.631669
1.635427
1.639006
1.642407
1.645629
1.648674
1.651541
1.654234
1.656752
1.659100
1.661279
1.663292
1.665143
1.666835
1.668372
1.669759
1.670999
1.672096
1.673056
1.673883
1.674582
1.675156
1.675611
1.675951
1.676180
1.676302
1.676322
1.676243
1.676068
1.675801
1.675445
1.675003
1.674477
1.673869
1.673182
1.672417
1.671575
1.670659
1.669670
1.668608
1.667474
1.666271
1.664998
1.663657
1.662249
1.660775
1.659238
1.657638
1.655979
1.654264
1.652494
1.650675
1.648811
1.646906
1.644967
1.642999
1.641010
1.639007
1.636997
1.634990
1.632994
1.631017
1.629069
1.627157
1.625289
1.623474
1.621719
1.620029
1.618410
1.616866
1.615400
1.614015
1.612712
1.611491
1.610352
1.609293
1.608312
1.607407
1.606574
1.605810
1.605112
1.604474
1.603893
1.603364
1.602884
1.602449
1.602054
1.601696
1.601372
1.601077
1.600809
1.600565
1.600342
1.600138
1.599950
1.599777
1.599616
1.599466
1.599326
1.599193
1.599067
1.598947
1.598831
1.598719
1.598611
1.598504
1.598400
1.598297
1.598196
1.598094
1.597994
1.597893
1.597792
1.597691
1.597589
1.597487
1.597384
1.597280
1.597175
1.597070
1.596964
1.596856
1.596748
1.596640
1.596530
1.596419
1.596308
1.596196
1.596083
1.595970
1.595856
1.595741
1.595626
1.595510
1.595394
1.595278
1.595161
1.595044
1.594927
1.594810
1.594692
1.594575
1.594458
1.594340
1.594223
1.594106
1.593989
1.593872
1.593756
1.593640
1.593525
1.593410
1.593295
1.593181
1.593067
1.592955
1.592842
1.592731
1.592620
1.592510
1.592401
1.592293
1.592185
1.592079
1.591973
1.591869
1.591765
1.591663
1.591561
1.591461
1.591362
1.591264
1.591167
1.591071
1.590977
1.590884
1.590792
1.590702
1.590613
1.590525
1.590439
1.590354
1.590270
1.590188
1.590108
1.590028
1.589951
1.589875
1.589800
1.589727
1.589656
1.589586
1.589517
1.589451
1.589386
1.589322
1.589260
1.589200
1.589141
1.589085
1.589029
1.588976
1.588924
1.588874
1.588826
1.588779
1.588734
1.588691
1.588650
1.588610
1.588572
1.588536
1.588502
1.588469
1.588438
1.588409
1.588382
1.588357
1.588333
1.588311
1.588291
1.588273
1.588257
1.588242
1.588230
1.588219
1.588209
1.588202
1.588197
1.588193
1.588191
1.588191
1.588193
1.588197
1.588202
1.588209
1.588218
1.588229
1.588242
1.588256
1.588273
1.588291
1.588311
1.588333
1.588356
1.588382
1.588409
1.588438
1.588468
1.588501
1.588535
1.588571
1.588609
1.588649
1.588691
1.588734
1.588779
1.588826
1.588874
1.588924
1.588976
1.589030
1.589086
1.589143
1.589202
1.589263
1.589325
1.589389
1.589455
1.589523
1.589592
1.589663
1.589736
1.589810
1.589886
1.589964
1.590043
1.590124
1.590207
1.590291
1.590377
1.590465
1.590554
1.590645
1.590738
1.590832
1.590928
1.591025
1.591124
1.591224
1.591327
1.591430
1.591536
1.591642
1.591751
1.591861
1.591972
1.592085
1.592200
1.592316
1.592434
1.592553
1.592673
1.592795
1.592919
1.593044
1.593171
1.593299
1.593428
1.593559
1.593692
1.593825
1.593961
1.594097
1.594236
1.594375
1.594516
1.594658
1.594802
1.594947
1.595094
1.595242
1.595391
1.595542
1.595694
1.595847
1.596002
1.596158
1.596315
1.596474
1.596634
1.596795
1.596958
1.597122
1.597287
1.597454
1.597621
1.597790
1.597961
1.598132
1.598305
1.598479
1.598655
1.598831
1.599009
1.599188
1.599368
1.599550
1.599732
1.599916
1.600101
1.600287
1.600475
1.600663
1.600853
1.601044
1.601236
1.601429
1.601623
1.601819
1.602015
1.602213
1.602412
1.602612
1.602813
1.603015
1.603218
1.603423
1.603628
1.603835
1.604042
1.604251
1.604461
1.604672
1.604884
1.605097
1.605311
1.605526
1.605742
1.605959
1.606177
1.606396
1.606616
1.606837
1.607059
1.607283
1.607507
1.607732
1.607958
1.608185
1.608413
1.608642
1.608873
1.609104
1.609336
1.609569
1.609802
1.610037
1.610273
1.610510
1.610747
1.610986
1.611226
1.611466
1.611707
1.611950
1.612193
1.612437
1.612682
1.612928
1.613175
1.613422
1.613671
1.613920
1.614171
1.614422
1.614674
1.614927
1.615181
1.615435
1.615691
1.615947
1.616205
1.616463
1.616722
1.616981
1.617242
1.617503
1.617766
1.618029
1.618292
1.618557
1.618823
1.619089
1.619356
1.619624
1.619893
1.620162
1.620433
1.620704
1.620976
1.621248
1.621522
1.621796
1.622071
1.622347
1.622624
1.622901
1.623179
1.623458
1.623738
1.624018
1.624299
1.624581
1.624864
1.625147
1.625431
1.625716
1.626001
1.626288
1.626575
1.626862
1.627151
1.627440
1.627730
1.628021
1.628312
1.628604
1.628897
1.629190
1.629484
1.629779
1.630075
1.630371
1.630668
1.630965
1.631264
1.631563
1.631862
1.632163
1.632464
1.632765
1.633068
1.633371
1.633674
1.633979
1.634284
1.634589
1.634895
1.635202
1.635510
1.635818
1.636127
1.636437
1.636747
1.637057
1.637369
1.637681
1.637994
1.638307
1.638621
1.638935
1.639250
1.639566
1.639883
1.640200
1.640517
1.640835
1.641154
1.641473
1.641793
1.642114
1.642435
1.642757
1.643079
1.643402
1.643726
1.644050
1.644375
1.644700
1.645026
1.645352
1.645679
1.646007
1.646335
1.646663
1.646993
1.647322
1.647653
1.647984
1.648315
1.648647
1.648980
1.649313
1.649646
1.649980
1.650315
1.650650
1.650986
1.651322
1.651659
1.651996
1.652334
1.652673
1.653011
1.653351
1.653691
1.654031
1.654372
1.654714
1.655056
1.655398
1.655741
1.656084
1.656428
1.656773
1.657118
1.657463
1.657809
1.658155
1.658502
1.658849
1.659197
1.659545
1.659894
1.660243
1.660593
1.660943
1.661294
1.661645
1.661996
1.662348
1.662701
1.663054
1.663407
1.663761
1.664115
1.664469
1.664824
1.665180
1.665536
1.665892
1.666249
1.666606
1.666964
1.667322
1.667681
1.668039
1.668399
1.668759
1.669119
1.669479
1.669840
1.670202
1.670563
1.670925
1.671288
1.671651
1.672014
1.672378
1.672742
1.673107
1.673472
1.673837
1.674202
1.674569
1.674935
1.675302
1.675669
1.676036
1.676404
1.676772
1.677141
1.677510
1.677879
1.678249
1.678619
1.678989
1.679360
1.679731
1.680102
1.680474
1.680846
1.681218
1.681591
1.681964
1.682337
1.682711
1.683085
1.683459
1.683834
1.684209
1.684584
1.684960
1.685336
1.685712
1.686088
1.686465
1.686842
1.687220
1.687597
1.687975
1.688354
1.688732
1.689111
1.689490
1.689869
1.690249
1.690629
1.691009
1.691390
1.691770
1.692151
1.692533
1.692914
1.693296
1.693678
1.694060
1.694443
1.694826
1.695209
1.695592
1.695976
1.696359
1.696743
1.697128
1.697512
1.697897
1.698282
1.698667
1.699052
1.699438
1.699824
1.700210
1.700596
1.700982
1.701369
1.701756
1.702143
1.702530
1.702918
1.703306
1.703693
1.704081
1.704470
1.704858
1.705247
1.705636
1.706025
1.706414
1.706803
1.707193
1.707582
1.707972
1.708362
1.708752
1.709143
1.709533
1.709924
1.710315
1.710706
1.711097
1.711488
1.711880
1.712271
1.712663
1.713055
1.713447
1.713839
1.714231
1.714624
1.715016
1.715409
1.715802
1.716194
1.716587
1.716981
1.717374
1.717767
1.718161
1.718554
1.718948
1.719342
1.719736
1.720130
1.720524
1.720918
1.721312
1.721706
1.722101
1.722495
1.722890
1.723285
1.723679
1.724074
1.724469
1.724864
1.725259
1.725654
1.726049
1.726445
1.726840
1.727235
1.727631
1.728026
1.728422
1.728817
1.729213
1.729608
1.730004
1.730400
1.730796
1.731191
1.731587
1.731983
1.732379
1.732775
1.733171
1.733567
1.733963
1.734359
1.734755
1.735151
1.735547
1.735943
1.736339
1.736735
1.737131
1.737527
1.737923
1.738319
1.738715
1.739111
1.739507
1.739903
1.740299
1.740695
1.741091
1.741487
1.741883
1.742279
1.742675
1.743071
1.743466
1.743862
1.744258
1.744653
1.745049
1.745445
1.745840
1.746236
1.746631
1.747027
1.747422
1.747817
1.748212
1.748608
1.749003
1.749398
1.749793
1.750188
1.750583
1.750977
1.751372
1.751767
1.752161
1.752556
1.752950
1.753344
1.753739
1.754133
1.754527
1.754921
1.755314
1.755708
1.756102
1.756495
1.756889
1.757282
1.757675
1.758068
1.758461
1.758854
1.759247
1.759640
1.760032
1.760425
1.760817
1.761209
1.761601
1.761993
1.762385
1.762777
1.763168
1.763559
1.763951
1.764342
1.764733
1.765124
1.765514
1.765905
1.766295
1.766685
1.767075
1.767465
1.767855
1.768245
1.768634
1.769023
1.769412
1.769801
1.770190
1.770579
1.770967
1.771355
1.771743
1.772131
1.772519
1.772906
1.773294
1.773681
1.774068
1.774455
1.774841
1.775227
1.775614
1.776000
1.776385
1.776771
1.777156
1.777542
1.777926
1.778311
1.778696
3.218506
5.329635
5.273810
5.130805
4.895114
4.534163
4.031215
3.420272
2.790132
2.226159
1.779414
1.458627
1.242994
1.102724
1.010659
0.949347
0.908874
0.883033
0.867514
0.859210
0.855888
0.855968
0.858354
0.862295
0.867285
0.872985
0.879172
0.885702
0.892480
0.899448
0.906567
0.913813
0.921171
0.928630
0.936181
0.943816
0.951528
0.959310
0.967151
0.975041
0.982970
0.990926
0.998896
1.006868
1.014829
1.022768
1.030673
1.038536
1.046349
1.054106
1.061805
1.069445
1.077027
1.084557
1.092040
1.099487
1.106907
1.114314
1.121719
1.129139
1.136587
1.144078
1.151625
1.159243
1.166942
1.174735
1.182628
1.190629
1.198742
1.206966
1.215301
1.223740
1.232274
1.240888
1.249566
1.258285
1.267018
1.275733
1.284396
1.292967
1.301405
1.309667
1.317709
1.325490
1.332972
1.340127
1.346933
1.353379
1.359466
1.365203
1.370609
1.375708
1.380527
1.385094
1.389435
1.393575
1.397535
1.401333
1.404984
1.408500
1.411891
1.415164
1.418328
1.421386
1.424346
1.427210
1.429984
1.432672
1.435276
1.437800
1.440249
1.442624
1.444930
1.447170
1.449346
1.451461
1.453519
1.455521
1.457470
1.459369
1.461220
1.463026
1.464787
1.466508
1.468188
1.469831
1.471437
1.473009
1.474548
1.476055
1.477532
1.478981
1.480401
1.481795
1.483163
1.484507
1.485827
1.487124
1.488400
1.489654
1.490887
1.492100
1.493294
1.494469
1.495626
1.496765
1.497886
1.498990
1.500078
1.501149
1.502205
1.503244
1.504269
1.505278
1.506271
1.507251
1.508215
1.509165
1.510101
1.511023
1.511930
1.512824
1.513704
1.514570
1.515423
1.516262
1.517088
1.517901
1.518700
1.519486
1.520258
1.521018
1.521765
1.522498
1.523219
1.523926
1.524621
1.525303
1.525972
1.526629
1.527272
1.527904
1.528522
1.529128
1.529721
1.530302
1.530871
1.531427
1.531971
1.532502
1.533022
1.533529
1.534024
1.534508
1.534979
1.535439
1.535887
1.536323
1.536748
1.537161
1.537563
1.537953
1.538333
1.538701
1.539059
1.539405
1.539741
1.540066
1.540381
1.540685
1.540980
1.541264
1.541538
1.541802
1.542057
1.542302
1.542537
1.542764
1.542981
1.543189
1.543389
1.543580
1.543762
1.543936
1.544102
1.544260
1.544410
1.544552
1.544687
1.544815
1.544935
1.545049
1.545155
1.545255
1.545349
1.545436
1.545517
1.545592
1.545662
1.545726
1.545784
1.545837
1.545885
1.545929
1.545967
1.546001
1.546031
1.546057
1.546078
1.546096
1.546110
1.546120
1.546128
1.546132
1.546133
1.546132
1.546127
1.546121
1.546112
1.546100
1.546087
1.546072
1.546056
1.546038
1.546018
1.545998
1.545976
1.545954
1.545930
1.545906
1.545882
1.545858
1.545833
1.545808
1.545784
1.545759
1.545735
1.545712
1.545689
1.545667
1.545647
1.545627
1.545608
1.545591
1.545575
1.545561
1.545548
1.545537
1.545528
1.545521
1.545517
1.545514
1.545514
1.545517
1.545522
1.545530
1.545541
1.545554
1.545571
1.545591
1.545614
1.545640
1.545670
1.545703
1.545740
1.545780
1.545825
1.545873
1.545925
1.545982
1.546042
1.546107
1.546176
1.546250
1.546328
1.546410
1.546497
1.546589
1.546686
1.546787
1.546894
1.547005
1.547122
1.547243
1.547370
1.547502
1.547639
1.547782
1.547930
1.548083
1.548242
1.548407
1.548577
1.548752
1.548933
1.549120
1.549313
1.549511
1.549715
1.549925
1.550141
1.550362
1.550590
1.550823
1.551062
1.551307
1.551558
1.551814
1.552077
1.552345
1.552619
1.552899
1.553185
1.553477
1.553774
1.554077
1.554386
1.554701
1.555021
1.555347
1.555679
1.556016
1.556358
1.556707
1.557060
1.557420
1.557784
1.558154
1.558529
1.558909
1.559295
1.559685
1.560081
1.560482
1.560887
1.561298
1.561713
1.562133
1.562558
1.562987
1.563421
1.563859
1.564302
1.564749
1.565200
1.565655
1.566115
1.566579
1.567046
1.567518
1.567993
1.568472
1.568955
1.569441
1.569931
1.570424
1.570920
1.571420
1.571923
1.572430
1.572939
1.573451
1.573966
1.574484
1.575005
1.575529
1.576055
1.576583
1.577115
1.577648
1.578184
1.578722
1.579263
1.579805
1.580350
1.580896
1.581445
1.581995
1.582548
1.583102
1.583657
1.584215
1.584773
1.585334
1.585896
1.586459
1.587024
1.587589
1.588157
1.588725
1.589294
1.589865
1.590436
1.591009
1.591582
1.592157
1.592732
1.593308
1.593885
1.594462
1.595041
1.595619
1.596199
1.596779
1.597359
1.597940
1.598522
1.599103
1.599686
1.600268
1.600851
1.601434
1.602018
1.602601
1.603185
1.603769
1.604353
1.604937
1.605522
1.606106
1.606691
1.607275
1.607859
1.608444
1.609028
1.609613
1.610197
1.610781
1.611365
1.611949
1.612533
1.613116
1.613700
1.614283
1.614866
1.615449
1.616031
1.616614
1.617196
1.617778
1.618359
1.618940
1.619521
1.620102
1.620682
1.621262
1.621841
1.622421
1.623000
1.623578
1.624156
1.624734
1.625311
1.625888
1.626465
1.627041
1.627617
1.628192
1.628767
1.629342
1.629916
1.630490
1.631063
1.631636
1.632208
1.632780
1.633352
1.633923
1.634494
1.635064
1.635634
1.636203
1.636772
1.637340
1.637908
1.638476
1.639043
1.639609
1.640175
1.640741
1.641306
1.641871
1.642435
1.642999
1.643562
1.644125
1.644687
1.645249
1.645811
1.646371
1.646932
1.647492
1.648051
1.648610
1.649169
1.649727
1.650285
1.650842
1.651398
1.651955
1.652510
1.653065
1.653620
1.654174
1.654728
1.655281
1.655834
1.656386
1.656938
1.657489
1.658040
1.658590
1.659140
1.659689
1.660238
1.660786
1.661334
1.661881
1.662428
1.662974
1.663520
1.664065
1.664610
1.665154
1.665697
1.666240
1.666783
1.667325
1.667866
1.668407
1.668947
1.669487
1.670026
1.670565
1.671103
1.671641
1.672177
1.672714
1.673250
1.673785
1.674319
1.674854
1.675387
1.675920
1.676452
1.676984
1.677515
1.678045
1.678575
1.679104
1.679632
1.680160
1.680687
1.681214
1.681740
1.682265
1.682789
1.683313
1.683836
1.684359
1.684881
1.685402
1.685922
1.686442
1.686960
1.687479
1.687996
1.688513
1.689029
1.689544
1.690058
1.690572
1.691085
1.691597
1.692108
1.692619
1.693128
1.693637
1.694145
1.694652
1.695159
1.695664
1.696169
1.696672
1.697175
1.697677
1.698178
1.698679
1.699178
1.699676
1.700174
1.700670
1.701166
1.701660
1.702154
1.702646
1.703138
1.703629
1.704118
1.704607
1.705095
1.705581
1.706067
1.706551
1.707035
1.707517
1.707999
1.708479
1.708958
1.709436
1.709913
1.710389
1.710863
1.711337
1.711809
1.712281
1.712751
1.713219
1.713687
1.714154
1.714619
1.715083
1.715546
1.716007
1.716467
1.716926
1.717384
1.717841
1.718296
1.718749
1.719202
1.719653
1.720103
1.720552
1.720999
1.721444
1.721889
1.722332
1.722774
1.723214
1.723652
1.724090
1.724526
1.724960
1.725393
1.725825
1.726255
1.726683
1.727110
1.727536
1.727960
1.728382
1.728803
1.729223
1.729640
1.730057
1.730471
1.730884
1.731296
1.731706
1.732114
1.732520
1.732925
1.733328
1.733730
1.734130
1.734528
1.734925
1.735319
1.735712
1.736104
1.736493
1.736881
1.737267
1.737652
1.738034
1.738415
1.738794
1.739171
1.739546
1.739920
1.740292
1.740661
1.741029
1.741396
1.741760
1.742122
1.742483
1.742841
1.743198
1.743552
1.743905
1.744256
1.744605
1.744952
1.745297
1.745640
1.745981
1.746320
1.746657
1.746992
1.747325
1.747656
1.747985
1.748312
1.748636
1.748959
1.749280
1.749598
1.749915
1.750229
1.750542
1.750852
1.751160
1.751466
1.751770
1.752071
1.752371
1.752668
1.752963
1.753256
1.753547
1.753836
1.754122
1.754406
1.754688
1.754968
1.755246
1.755521
1.755794
1.756065
1.756333
1.756600
1.756864
1.757126
1.757385
1.757642
1.757897
1.758150
1.758400
1.758648
1.758894
1.759137
1.759378
1.759617
1.759853
1.760087
1.760318
1.760548
1.760775
1.760999
1.761221
1.761441
1.761658
1.761873
1.762086
1.762296
1.762504
1.762709
1.762912
1.763112
1.763310
1.763506
1.763699
1.763890
1.764078
1.764264
1.764447
1.764628
1.764806
1.764982
1.765156
1.765326
1.765495
1.765661
1.765824
1.765985
1.766144
1.766300
1.766453
1.766604
1.766752
1.766898
1.767042
1.767182
1.767321
1.767456
1.767590
1.767720
1.767848
1.767974
1.768097
1.768217
1.768335
1.768450
1.768563
1.768673
1.768781
1.768886
1.768988
1.769088
1.769185
1.769279
1.769371
1.769461
1.769548
1.769632
1.769713
1.769792
1.769869
1.769942
1.770013
1.770082
1.770148
1.770211
1.770271
1.770329
1.770384
1.770437
1.770487
1.770534
1.770579
1.770621
1.770660
1.770697
1.770731
1.770762
1.770791
1.770817
1.770840
1.770861
1.770878
1.770894
1.770906
1.770916
1.770923
1.770927
1.770929
1.770928
1.770924
1.770918
1.770909
1.770897
1.770882
1.770865
1.770845
1.770822
1.770796
1.770768
1.770737
1.770703
1.770667
1.770627
1.770585
1.770540
1.770492
1.770442
1.770389
1.770333
1.770274
1.770212
1.770148
1.770081
1.770011
1.769938
1.769862
1.769784
1.769702
1.769618
1.769531
1.769441
1.769349
1.769253
1.769155
1.769054
1.768949
1.768842
1.768733
1.768620
1.768504
1.768386
1.768264
1.768140
1.768013
1.767883
1.767750
1.767614
1.767475
1.767333
1.767189
1.767041
1.766890
1.766737
1.766580
1.766421
1.766259
1.766093
1.765925
1.765754
1.765579
1.765402
1.765222
1.765039
1.764853
1.764663
1.764471
1.764276
1.764078
1.763877
1.763672
1.763465
1.763255
1.763042
1.762825
1.762606
1.762384
1.762158
1.761930
1.761699
1.761464
1.761227
1.760987
1.760743
1.760497
1.760247
1.759995
1.759739
1.759481
1.759219
1.758955
1.758687
1.758416
1.758143
1.757867
1.757587
1.757305
1.757019
1.756731
1.756440
1.756146
1.755849
1.755549
1.755246
1.754940
1.754632
1.754320
1.754006
1.753689
1.753369
1.753046
1.752721
1.752393
1.752062
1.751729
1.751393
1.751054
1.750712
1.750368
1.750022
1.749673
3.182580
4.793992
4.586626
4.230142
3.761474
3.224214
2.670981
2.162960
1.753842
1.456075
1.254398
1.121867
1.033260
0.973038
0.932359
0.905573
0.888696
0.878835
0.873902
0.872417
0.873340
0.875947
0.879742
0.884382
0.889633
0.895338
0.901389
0.907714
0.914264
0.921005
0.927915
0.934973
0.942165
0.949478
0.956898
0.964411
0.972002
0.979655
0.987355
0.995085
1.002826
1.010564
1.018282
1.025966
1.033605
1.041188
1.048708
1.056161
1.063546
1.070865
1.078121
1.085321
1.092474
1.099592
1.106685
1.113767
1.120851
1.127952
1.135083
1.142256
1.149484
1.156778
1.164148
1.171603
1.179147
1.186787
1.194525
1.202360
1.210293
1.218317
1.226426
1.234612
1.242863
1.251163
1.259494
1.267837
1.276166
1.284455
1.292674
1.300793
1.308781
1.316607
1.324245
1.331672
1.338872
1.345833
1.352551
1.359028
1.365268
1.371281
1.377077
1.382668
1.388064
1.393276
1.398312
1.403180
1.407888
1.412440
1.416841
1.421094
1.425204
1.429173
1.433004
1.436699
1.440261
1.443692
1.446996
1.450173
1.453228
1.456161
1.458977
1.461677
1.464264
1.466741
1.469110
1.471375
1.473539
1.475604
1.477573
1.479449
1.481236
1.482937
1.484554
1.486091
1.487551
1.488938
1.490254
1.491502
1.492686
1.493809
1.494875
1.495885
1.496843
1.497752
1.498615
1.499435
1.500214
1.500955
1.501661
1.502333
1.502975
1.503588
1.504175
1.504738
1.505279
1.505799
1.506300
1.506785
1.507255
1.507710
1.508153
1.508585
1.509007
1.509421
1.509827
1.510226
1.510620
1.511009
1.511394
1.511776
1.512156
1.512534
1.512912
1.513288
1.513665
1.514042
1.514420
1.514799
1.515180
1.515563
1.515948
1.516335
1.516725
1.517118
1.517514
1.517912
1.518314
1.518720
1.519128
1.519539
1.519954
1.520372
1.520793
1.521217
1.521643
1.522073
1.522505
1.522939
1.523376
1.523814
1.524255
1.524697
1.525141
1.525586
1.526032
1.526478
1.526925
1.527373
1.527820
1.528267
1.528714
1.529159
1.529604
1.530047
1.530489
1.530928
1.531366
1.531801
1.532233
1.532663
1.533089
1.533512
1.533931
1.534346
1.534757
1.535164
1.535566
1.535963
1.536355
1.536742
1.537124
1.537500
1.537871
1.538235
1.538593
1.538946
1.539291
1.539631
1.539964
1.540290
1.540609
1.540921
1.541227
1.541525
1.541816
1.542100
1.542377
1.542647
1.542909
1.543164
1.543411
1.543651
1.543884
1.544109
1.544327
1.544538
1.544741
1.544937
1.545125
1.545307
1.545481
1.545647
1.545807
1.545960
1.546105
1.546244
1.546376
1.546500
1.546619
1.546730
1.546835
1.546933
1.547025
1.547111
1.547190
1.547263
1.547331
1.547392
1.547448
1.547497
1.547541
1.547580
1.547613
1.547641
1.547664
1.547682
1.547695
1.547703
1.547707
1.547706
1.547700
1.547691
1.547677
1.547659
1.547637
1.547612
1.547582
1.547550
1.547513
1.547474
1.547432
1.547386
1.547338
1.547287
1.547233
1.547177
1.547119
1.547059
1.546996
1.546931
1.546865
1.546797
1.546728
1.546657
1.546584
1.546511
1.546437
1.546361
1.546285
1.546209
1.546131
1.546054
1.545976
1.545898
1.545819
1.545741
1.545663
1.545586
1.545509
1.545432
1.545356
1.545281
1.545206
1.545133
1.545061
1.544990
1.544920
1.544852
1.544785
1.544720
1.544656
1.544595
1.544535
1.544477
1.544422
1.544369
1.544318
1.544269
1.544223
1.544180
1.544140
1.544102
1.544067
1.544035
1.544007
1.543981
1.543959
1.543940
1.543925
1.543913
1.543905
1.543901
1.543900
1.543904
1.543911
1.543923
1.543938
1.543958
1.543983
1.544011
1.544045
1.544083
1.544125
1.544172
1.544224
1.544282
1.544344
1.544411
1.544483
1.544560
1.544643
1.544731
1.544825
1.544924
1.545028
1.545138
1.545254
1.545376
1.545503
1.545636
1.545775
1.545920
1.546071
1.546228
1.546391
1.546561
1.546736
1.546918
1.547106
1.547300
1.547500
1.547707
1.547920
1.548140
1.548365
1.548598
1.548836
1.549081
1.549333
1.549591
1.549855
1.550126
1.550403
1.550686
1.550976
1.551273
1.551575
1.551884
1.552199
1.552521
1.552849
1.553183
1.553523
1.553869
1.554221
1.554580
1.554944
1.555315
1.555691
1.556073
1.556461
1.556855
1.557254
1.557659
1.558070
1.558486
1.558907
1.559334
1.559766
1.560203
1.560646
1.561093
1.561546
1.562003
1.562465
1.562932
1.563404
1.563880
1.564361
1.564847
1.565336
1.565830
1.566328
1.566830
1.567337
1.567847
1.568361
1.568879
1.569400
1.569925
1.570454
1.570986
1.571521
1.572060
1.572602
1.573147
1.573695
1.574246
1.574800
1.575357
1.575916
1.576478
1.577043
1.577610
1.578180
1.578752
1.579326
1.579902
1.580481
1.581061
1.581644
1.582228
1.582814
1.583402
1.583992
1.584584
1.585177
1.585771
1.586367
1.586965
1.587563
1.588164
1.588765
1.589367
1.589971
1.590576
1.591181
1.591788
1.592395
1.593004
1.593613
1.594223
1.594834
1.595446
1.596058
1.596670
1.597284
1.597897
1.598512
1.599127
1.599742
1.600357
1.600973
1.601589
1.602206
1.602822
1.603439
1.604056
1.604674
1.605291
1.605908
1.606526
1.607144
1.607761
1.608379
1.608996
1.609614
1.610232
1.610849
1.611466
1.612083
1.612700
1.613317
1.613934
1.614551
1.615167
1.615783
1.616399
1.617014
1.617630
1.618245
1.618860
1.619474
1.620088
1.620702
1.621316
1.621929
1.622542
1.623154
1.623766
1.624378
1.624990
1.625601
1.626211
1.626821
1.627431
1.628041
1.628650
1.629258
1.629866
1.630474
1.631082
1.631688
1.632295
1.632901
1.633507
1.634112
1.634716
1.635321
1.635925
1.636528
1.637131
1.637733
1.638335
1.638937
1.639538
1.640139
1.640739
1.641339
1.641938
1.642537
1.643135
1.643733
1.644330
1.644927
1.645524
1.646120
1.646715
1.647311
1.647905
1.648499
1.649093
1.649686
1.650279
1.650872
1.651464
1.652055
1.652646
1.653236
1.653826
1.654416
1.655005
1.655594
1.656182
1.656770
1.657357
1.657944
1.658530
1.659116
1.659701
1.660286
1.660870
1.661454
1.662038
1.662621
1.663203
1.663785
1.664367
1.664948
1.665528
1.666108
1.666688
1.667267
1.667845
1.668423
1.669001
1.669578
1.670154
1.670730
1.671306
1.671881
1.672455
1.673029
1.673602
1.674175
1.674747
1.675319
1.675890
1.676461
1.677031
1.677601
1.678169
1.678738
1.679306
1.679873
1.680439
1.681005
1.681571
1.682135
1.682700
1.683263
1.683826
1.684388
1.684950
1.685511
1.686071
1.686631
1.687190
1.687748
1.688306
1.688863
1.689419
1.689974
1.690529
1.691083
1.691636
1.692189
1.692741
1.693292
1.693842
1.694392
1.694940
1.695488
1.696035
1.696581
1.697127
1.697671
1.698215
1.698758
1.699300
1.699841
1.700381
1.700921
1.701459
1.701997
1.702533
1.703069
1.703604
1.704137
1.704670
1.705202
1.705733
1.706262
1.706791
1.707319
1.707845
1.708371
1.708895
1.709419
1.709941
1.710462
1.710982
1.711501
1.712019
1.712536
1.713051
1.713565
1.714078
1.714590
1.715101
1.715610
1.716118
1.716625
1.717131
1.717635
1.718138
1.718639
1.719140
1.719639
1.720136
1.720633
1.721127
1.721621
1.722113
1.722603
1.723093
1.723580
1.724066
1.724551
1.725034
1.725516
1.725996
1.726475
1.726952
1.727427
1.727901
1.728373
1.728844
1.729313
1.729780
1.730246
1.730710
1.731172
1.731633
1.732092
1.732549
1.733005
1.733458
1.733910
1.734360
1.734808
1.735255
1.735699
1.736142
1.736583
1.737022
1.737459
1.737894
1.738327
1.738759
1.739188
1.739615
1.740041
1.740464
1.740886
1.741305
1.741722
1.742137
1.742551
1.742962
1.743371
1.743778
1.744182
1.744585
1.744985
1.745384
1.745780
1.746174
1.746565
1.746955
1.747342
1.747727
1.748109
1.748490
1.748868
1.749244
1.749617
1.749988
1.750357
1.750724
1.751088
1.751449
1.751808
1.752165
1.752520
1.752872
1.753221
1.753568
1.753913
1.754255
1.754595
1.754932
1.755266
1.755598
1.755928
1.756255
1.756579
1.756901
1.757220
1.757536
1.757850
1.758162
1.758470
1.758776
1.759080
1.759380
1.759678
1.759974
1.760266
1.760556
1.760843
1.761128
1.761409
1.761688
1.761964
1.762238
1.762508
1.762776
1.763041
1.763303
1.763562
1.763819
1.764073
1.764323
1.764571
1.764816
1.765058
1.765298
1.765534
1.765768
1.765998
1.766226
1.766451
1.766672
1.766891
1.767107
1.767320
1.767530
1.767737
1.767941
1.768142
1.768340
1.768535
1.768727
1.768916
1.769102
1.769285
1.769465
1.769642
1.769816
1.769986
1.770154
1.770319
1.770480
1.770639
1.770794
1.770946
1.771095
1.771241
1.771384
1.771524
1.771661
1.771795
1.771925
1.772052
1.772176
1.772298
1.772415
1.772530
1.772642
1.772750
1.772855
1.772957
1.773056
1.773152
1.773244
1.773334
1.773420
1.773502
1.773582
1.773659
1.773732
1.773802
1.773869
1.773932
1.773992
1.774050
1.774103
1.774154
1.774201
1.774245
1.774286
1.774324
1.774358
1.774389
1.774417
1.774441
1.774462
1.774480
1.774495
1.774506
1.774514
1.774519
1.774520
1.774518
1.774513
1.774504
1.774492
1.774477
1.774459
1.774437
1.774411
1.774383
1.774351
1.774316
1.774277
1.774235
1.774190
1.774141
1.774089
1.774033
1.773974
1.773912
1.773847
1.773778
1.773705
1.773629
1.773550
1.773468
1.773382
1.773292
1.773199
1.773103
1.773003
1.772900
1.772794
1.772684
1.772570
1.772453
1.772333
1.772209
1.772082
1.771951
1.771817
1.771680
1.771539
1.771394
1.771246
1.771095
1.770940
1.770781
1.770619
1.770454
1.770285
1.770113
1.769937
1.769758
1.769575
1.769388
1.769199
1.769005
1.768808
1.768608
1.768404
1.768197
1.767986
1.767772
1.767554
1.767333
1.767108
1.766880
1.766648
1.766413
1.766174
1.765932
1.765686
1.765437
1.765185
1.764929
1.764669
1.764406
1.764140
1.763870
1.763597
1.763321
1.763041
1.762757
1.762471
1.762180
1.761887
1.761590
1.761290
1.760987
1.760680
1.760370
1.760057
1.759741
1.759421
1.759099
1.758773
3.102438
4.768694
4.410896
3.950503
3.423070
2.873868
2.352098
1.908856
1.570553
1.331852
1.172121
1.065425
0.992952
0.943747
0.910991
0.889951
0.877203
0.870274
0.867406
0.867369
0.869308
0.872632
0.876938
0.881950
0.887480
0.893401
0.899626
0.906099
0.912778
0.919636
0.926651
0.933808
0.941092
0.948488
0.955985
0.963566
0.971216
0.978919
0.986657
0.994414
1.002170
1.009910
1.017617
1.025278
1.032880
1.040414
1.047873
1.055255
1.062559
1.069788
1.076946
1.084043
1.091088
1.098094
1.105072
1.112038
1.119005
1.125988
1.133001
1.140057
1.147169
1.154349
1.161605
1.168947
1.176382
1.183915
1.191548
1.199283
1.207120
1.215055
1.223083
1.231197
1.239388
1.247643
1.255949
1.264288
1.272642
1.280989
1.289305
1.297565
1.305745
1.313818
1.321761
1.329552
1.337174
1.344613
1.351859
1.358906
1.365752
1.372398
1.378846
1.385102
1.391171
1.397059
1.402772
1.408314
1.413690
1.418906
1.423964
1.428868
1.433621
1.438226
1.442684
1.446998
1.451169
1.455200
1.459093
1.462849
1.466470
1.469957
1.473313
1.476540
1.479638
1.482611
1.485460
1.488187
1.490794
1.493283
1.495657
1.497918
1.500069
1.502111
1.504048
1.505881
1.507614
1.509250
1.510791
1.512241
1.513601
1.514876
1.516068
1.517180
1.518216
1.519178
1.520070
1.520895
1.521656
1.522356
1.522998
1.523586
1.524122
1.524610
1.525051
1.525450
1.525809
1.526130
1.526416
1.526671
1.526895
1.527093
1.527264
1.527413
1.527542
1.527651
1.527743
1.527819
1.527882
1.527933
1.527973
1.528004
1.528027
1.528043
1.528053
1.528060
1.528063
1.528063
1.528062
1.528060
1.528058
1.528058
1.528059
1.528062
1.528068
1.528078
1.528091
1.528110
1.528133
1.528163
1.528198
1.528239
1.528288
1.528343
1.528406
1.528477
1.528556
1.528643
1.528738
1.528842
1.528955
1.529076
1.529206
1.529345
1.529493
1.529649
1.529815
1.529989
1.530172
1.530363
1.530563
1.530771
1.530987
1.531210
1.531442
1.531680
1.531926
1.532179
1.532438
1.532704
1.532975
1.533252
1.533534
1.533821
1.534113
1.534409
1.534709
1.535012
1.535319
1.535628
1.535940
1.536254
1.536569
1.536886
1.537204
1.537522
1.537841
1.538160
1.538478
1.538795
1.539112
1.539427
1.539740
1.540051
1.540360
1.540666
1.540970
1.541270
1.541567
1.541860
1.542150
1.542435
1.542716
1.542993
1.543265
1.543532
1.543794
1.544051
1.544302
1.544548
1.544788
1.545023
1.545252
1.545475
1.545692
1.545902
1.546107
1.546305
1.546498
1.546683
1.546863
1.547036
1.547203
1.547363
1.547517
1.547665
1.547806
1.547941
1.548069
1.548191
1.548307
1.548417
1.548520
1.548618
1.548709
1.548794
1.548873
1.548947
1.549014
1.549076
1.549132
1.549182
1.549227
1.549267
1.549301
1.549330
1.549353
1.549372
1.549385
1.549394
1.549398
1.549397
1.549392
1.549382
1.549368
1.549349
1.549327
1.549300
1.549269
1.549235
1.549197
1.549155
1.549110
1.549062
1.549010
1.548955
1.548897
1.548836
1.548773
1.548706
1.548638
1.548567
1.548493
1.548418
1.548340
1.548260
1.548179
1.548096
1.548011
1.547925
1.547837
1.547748
1.547658
1.547568
1.547476
1.547383
1.547290
1.547196
1.547102
1.547007
1.546912
1.546818
1.546723
1.546628
1.546533
1.546439
1.546345
1.546252
1.546159
1.546067
1.545976
1.545886
1.545797
1.545709
1.545623
1.545537
1.545453
1.545371
1.545290
1.545211
1.545134
1.545059
1.544986
1.544914
1.544845
1.544779
1.544714
1.544653
1.544593
1.544537
1.544483
1.544432
1.544383
1.544338
1.544296
1.544257
1.544221
1.544189
1.544160
1.544135
1.544113
1.544095
1.544080
1.544069
1.544063
1.544060
1.544061
1.544067
1.544077
1.544091
1.544109
1.544132
1.544160
1.544192
1.544229
1.544271
1.544317
1.544369
1.544425
1.544487
1.544553
1.544625
1.544702
1.544785
1.544873
1.544966
1.545065
1.545170
1.545280
1.545396
1.545518
1.545645
1.545779
1.545918
1.546063
1.546215
1.546372
1.546536
1.546705
1.546881
1.547063
1.547252
1.547446
1.547647
1.547854
1.548068
1.548288
1.548514
1.548747
1.548986
1.549232
1.549483
1.549742
1.550006
1.550278
1.550555
1.550839
1.551129
1.551426
1.551729
1.552038
1.552353
1.552675
1.553003
1.553337
1.553677
1.554024
1.554376
1.554734
1.555099
1.555469
1.555845
1.556227
1.556615
1.557008
1.557407
1.557812
1.558222
1.558638
1.559059
1.559485
1.559916
1.560353
1.560795
1.561242
1.561693
1.562150
1.562611
1.563078
1.563548
1.564024
1.564504
1.564988
1.565476
1.565969
1.566466
1.566967
1.567472
1.567981
1.568494
1.569010
1.569530
1.570054
1.570581
1.571112
1.571646
1.572183
1.572723
1.573267
1.573813
1.574363
1.574915
1.575470
1.576028
1.576588
1.577151
1.577716
1.578284
1.578854
1.579427
1.580001
1.580578
1.581156
1.581737
1.582320
1.582904
1.583490
1.584078
1.584668
1.585259
1.585852
1.586446
1.587041
1.587638
1.588236
1.588836
1.589437
1.590038
1.590641
1.591245
1.591850
1.592456
1.593062
1.593670
1.594278
1.594887
1.595497
1.596107
1.596719
1.597330
1.597942
1.598555
1.599168
1.599782
1.600396
1.601010
1.601625
1.602240
1.602855
1.603471
1.604086
1.604702
1.605318
1.605935
1.606551
1.607167
1.607784
1.608400
1.609017
1.609634
1.610250
1.610867
1.611483
1.612099
1.612715
1.613332
1.613948
1.614563
1.615179
1.615795
1.616410
1.617025
1.617640
1.618255
1.618869
1.619483
1.620097
1.620711
1.621324
1.621938
1.622550
1.623163
1.623775
1.624387
1.624999
1.625610
1.626221
1.626832
1.627442
1.628052
1.628661
1.629271
1.629880
1.630488
1.631096
1.631704
1.632312
1.632919
1.633525
1.634132
1.634738
1.635343
1.635948
1.636553
1.637158
1.637762
1.638365
1.638969
1.639572
1.640174
1.640776
1.641378
1.641980
1.642581
1.643181
1.643781
1.644381
1.644981
1.645580
1.646179
1.646777
1.647375
1.647973
1.648570
1.649167
1.649763
1.650359
1.650955
1.651550
1.652145
1.652740
1.653334
1.653928
1.654521
1.655114
1.655707
1.656299
1.656891
1.657482
1.658074
1.658664
1.659255
1.659845
1.660434
1.661024
1.661613
1.662201
1.662789
1.663377
1.663964
1.664551
1.665138
1.665724
1.666310
1.666895
1.667480
1.668065
1.668649
1.669233
1.669816
1.670399
1.670981
1.671563
1.672145
1.672726
1.673307
1.673888
1.674468
1.675047
1.675626
1.676205
1.676783
1.677361
1.677938
1.678515
1.679091
1.679667
1.680242
1.680817
1.681392
1.681966
1.682539
1.683112
1.683684
1.684256
1.684827
1.685398
1.685968
1.686538
1.687107
1.687676
1.688244
1.688811
1.689378
1.689944
1.690510
1.691075
1.691639
1.692203
1.692766
1.693328
1.693890
1.694451
1.695012
1.695571
1.696130
1.696689
1.697246
1.697803
1.698359
1.698915
1.699470
1.700024
1.700577
1.701129
1.701681
1.702231
1.702781
1.703330
1.703878
1.704426
1.704972
1.705518
1.706063
1.706607
1.707150
1.707691
1.708233
1.708773
1.709312
1.709850
1.710387
1.710923
1.711458
1.711992
1.712525
1.713057
1.713588
1.714118
1.714647
1.715174
1.715701
1.716226
1.716750
1.717273
1.717795
1.718316
1.718835
1.719353
1.719870
1.720386
1.720900
1.721413
1.721925
1.722435
1.722945
1.723452
1.723959
1.724464
1.724967
1.725469
1.725970
1.726470
1.726967
1.727464
1.727959
1.728452
1.728944
1.729434
1.729923
1.730410
1.730895
1.731379
1.731862
1.732342
1.732821
1.733299
1.733775
1.734248
1.734721
1.735191
1.735660
1.736127
1.736592
1.737055
1.737517
1.737977
1.738435
1.738891
1.739345
1.739797
1.740247
1.740695
1.741142
1.741586
1.742029
1.742469
1.742907
1.743344
1.743778
1.744210
1.744640
1.745068
1.745494
1.745918
1.746340
1.746759
1.747176
1.747591
1.748004
1.748415
1.748823
1.749229
1.749633
1.750034
1.750433
1.750830
1.751225
1.751617
1.752007
1.752394
1.752779
1.753161
1.753541
1.753919
1.754294
1.754667
1.755037
1.755405
1.755770
1.756132
1.756492
1.756850
1.757205
1.757557
1.757906
1.758253
1.758598
1.758939
1.759278
1.759615
1.759948
1.760279
1.760607
1.760933
1.761255
1.761575
1.761892
1.762206
1.762518
1.762827
1.763132
1.763435
1.763735
1.764033
1.764327
1.764618
1.764907
1.765193
1.765475
1.765755
1.766032
1.766306
1.766577
1.766844
1.767109
1.767371
1.767630
1.767886
1.768139
1.768388
1.768635
1.768879
1.769119
1.769357
1.769591
1.769822
1.770050
1.770275
1.770497
1.770716
1.770931
1.771143
1.771353
1.771559
1.771761
1.771961
1.772158
1.772351
1.772541
1.772727
1.772911
1.773091
1.773268
1.773442
1.773612
1.773780
1.773944
1.774104
1.774262
1.774416
1.774566
1.774714
1.774858
1.774999
1.775136
1.775270
1.775401
1.775528
1.775653
1.775773
1.775891
1.776005
1.776115
1.776222
1.776326
1.776427
1.776524
1.776617
1.776707
1.776794
1.776877
1.776957
1.777034
1.777107
1.777177
1.777243
1.777306
1.777365
1.777421
1.777473
1.777522
1.777568
1.777609
1.777648
1.777683
1.777715
1.777743
1.777767
1.777788
1.777806
1.777820
1.777830
1.777837
1.777841
1.777841
1.777837
1.777830
1.777819
1.777805
1.777788
1.777766
1.777742
1.777713
1.777681
1.777646
1.777607
1.777564
1.777518
1.777468
1.777415
1.777358
1.777297
1.777233
1.777166
1.777094
1.777019
1.776941
1.776859
1.776773
1.776684
1.776591
1.776494
1.776394
1.776290
1.776182
1.776071
1.775956
1.775838
1.775716
1.775590
1.775461
1.775328
1.775191
1.775050
1.774906
1.774759
1.774607
1.774452
1.774293
1.774131
1.773965
1.773795
1.773621
1.773444
1.773263
1.773078
1.772890
1.772698
1.772502
1.772303
1.772100
1.771893
1.771683
1.771468
1.771251
1.771029
1.770804
1.770575
1.770342
1.770106
1.769866
1.769622
1.769374
1.769123
1.768868
1.768610
1.768348
1.768082
1.767813
1.767540
1.767263
3.447222
5.246873
4.919947
4.506299
4.015016
3.465530
2.897995
2.365062
1.910664
1.562792
1.317142
1.153317
1.045699
0.974248
0.926914
0.896374
0.877672
0.867250
0.862540
0.861717
0.863507
0.867044
0.871742
0.877215
0.883212
0.889572
0.896193
0.903010
0.909984
0.917092
0.924317
0.931651
0.939086
0.946614
0.954230
0.961926
0.969693
0.977523
0.985405
0.993327
1.001278
1.009246
1.017217
1.025180
1.033124
1.041038
1.048914
1.056746
1.064529
1.072262
1.079945
1.087581
1.095177
1.102739
1.110279
1.117808
1.125340
1.132887
1.140466
1.148091
1.155777
1.163538
1.171388
1.179338
1.187400
1.195581
1.203889
1.212329
1.220901
1.229606
1.238440
1.247394
1.256457
1.265615
1.274848
1.284134
1.293447
1.302755
1.312027
1.321228
1.330321
1.339266
1.348026
1.356561
1.364832
1.372805
1.380445
1.387727
1.394632
1.401148
1.407275
1.413020
1.418403
1.423448
1.428187
1.432658
1.436898
1.440947
1.444842
1.448616
1.452300
1.455920
1.459494
1.463040
1.466568
1.470085
1.473594
1.477095
1.480586
1.484063
1.487521
1.490953
1.494353
1.497713
1.501025
1.504284
1.507481
1.510609
1.513663
1.516635
1.519521
1.522313
1.525008
1.527601
1.530087
1.532462
1.534724
1.536870
1.538898
1.540806
1.542593
1.544259
1.545806
1.547233
1.548544
1.549740
1.550825
1.551804
1.552679
1.553458
1.554143
1.554742
1.555261
1.555704
1.556079
1.556391
1.556647
1.556851
1.557010
1.557129
1.557213
1.557266
1.557293
1.557297
1.557283
1.557252
1.557208
1.557153
1.557089
1.557018
1.556942
1.556861
1.556778
1.556692
1.556604
1.556515
1.556425
1.556335
1.556245
1.556154
1.556064
1.555973
1.555882
1.555791
1.555701
1.555610
1.555519
1.555427
1.555336
1.555244
1.555152
1.555059
1.554967
1.554874
1.554780
1.554687
1.554593
1.554499
1.554405
1.554310
1.554216
1.554122
1.554028
1.553934
1.553840
1.553746
1.553653
1.553560
1.553468
1.553376
1.553285
1.553194
1.553104
1.553015
1.552927
1.552840
1.552754
1.552668
1.552584
1.552501
1.552419
1.552339
1.552259
1.552181
1.552105
1.552030
1.551956
1.551884
1.551814
1.551745
1.551678
1.551612
1.551549
1.551487
1.551427
1.551369
1.551314
1.551260
1.551208
1.551158
1.551111
1.551066
1.551023
1.550982
1.550944
1.550908
1.550875
1.550844
1.550816
1.550791
1.550768
1.550748
1.550730
1.550716
1.550704
1.550696
1.550690
1.550687
1.550688
1.550692
1.550698
1.550708
1.550722
1.550738
1.550759
1.550782
1.550809
1.550839
1.550874
1.550911
1.550952
1.550997
1.551046
1.551099
1.551155
1.551215
1.551280
1.551348
1.551420
1.551496
1.551576
1.551660
1.551749
1.551841
1.551938
1.552039
1.552144
1.552254
1.552368
1.552486
1.552609
1.552736
1.552867
1.553003
1.553143
1.553288
1.553437
1.553591
1.553749
1.553912
1.554079
1.554251
1.554428
1.554609
1.554794
1.554984
1.555179
1.555378
1.555582
1.555791
1.556004
1.556221
1.556443
1.556670
1.556901
1.557137
1.557377
1.557621
1.557870
1.558124
1.558382
1.558644
1.558911
1.559182
1.559457
1.559737
1.560021
1.560309
1.560602
1.560898
1.561199
1.561504
1.561813
1.562126
1.562443
1.562764
1.563089
1.563417
1.563750
1.564086
1.564426
1.564770
1.565117
1.565469
1.565823
1.566181
1.566543
1.566908
1.567277
1.567648
1.568023
1.568402
1.568783
1.569168
1.569556
1.569946
1.570340
1.570737
1.571136
1.571539
1.571944
1.572352
1.572763
1.573176
1.573592
1.574010
1.574431
1.574854
1.575280
1.575708
1.576138
1.576571
1.577006
1.577443
1.577882
1.578323
1.578766
1.579211
1.579658
1.580107
1.580557
1.581010
1.581464
1.581920
1.582377
1.582837
1.583297
1.583760
1.584223
1.584688
1.585155
1.585623
1.586092
1.586563
1.587035
1.587508
1.587982
1.588458
1.588934
1.589412
1.589891
1.590370
1.590851
1.591333
1.591815
1.592299
1.592783
1.593268
1.593754
1.594241
1.594729
1.595217
1.595706
1.596196
1.596686
1.597178
1.597669
1.598161
1.598654
1.599148
1.599642
1.600136
1.600631
1.601126
1.601622
1.602118
1.602615
1.603112
1.603610
1.604107
1.604606
1.605104
1.605603
1.606102
1.606602
1.607101
1.607601
1.608101
1.608602
1.609103
1.609604
1.610105
1.610606
1.611108
1.611609
1.612111
1.612613
1.613115
1.613617
1.614120
1.614622
1.615125
1.615628
1.616131
1.616634
1.617137
1.617640
1.618143
1.618646
1.619150
1.619653
1.620156
1.620660
1.621163
1.621667
1.622170
1.622674
1.623178
1.623681
1.624185
1.624688
1.625192
1.625696
1.626199
1.626703
1.627207
1.627710
1.628214
1.628718
1.629221
1.629725
1.630228
1.630732
1.631235
1.631739
1.632242
1.632745
1.633249
1.633752
1.634255
1.634759
1.635262
1.635765
1.636268
1.636771
1.637274
1.637777
1.638280
1.638783
1.639285
1.639788
1.640291
1.640793
1.641296
1.641798
1.642300
1.642803
1.643305
1.643807
1.644309
1.644811
1.645313
1.645815
1.646316
1.646818
1.647320
1.647821
1.648322
1.648824
1.649325
1.649826
1.650327
1.650828
1.651328
1.651829
1.652330
1.652830
1.653330
1.653830
1.654331
1.654830
1.655330
1.655830
1.656329
1.656829
1.657328
1.657827
1.658326
1.658825
1.659324
1.659822
1.660321
1.660819
1.661317
1.661815
1.662313
1.662810
1.663308
1.663805
1.664302
1.664799
1.665295
1.665792
1.666288
1.666784
1.667280
1.667776
1.668271
1.668766
1.669261
1.669756
1.670250
1.670745
1.671239
1.671732
1.672226
1.672719
1.673212
1.673705
1.674197
1.674690
1.675181
1.675673
1.676164
1.676655
1.677146
1.677636
1.678127
1.678616
1.679106
1.679595
1.680084
1.680572
1.681060
1.681548
1.682035
1.682522
1.683009
1.683495
1.683981
1.684466
1.684951
1.685436
1.685920
1.686404
1.686887
1.687370
1.687853
1.688335
1.688817
1.689298
1.689779
1.690259
1.690739
1.691218
1.691697
1.692175
1.692653
1.693130
1.693607
1.694083
1.694559
1.695034
1.695508
1.695982
1.696456
1.696929
1.697401
1.697873
1.698344
1.698815
1.699285
1.699754
1.700223
1.700691
1.701158
1.701625
1.702091
1.702556
1.703021
1.703485
1.703949
1.704412
1.704874
1.705335
1.705796
1.706255
1.706715
1.707173
1.707631
1.708088
1.708544
1.708999
1.709454
1.709907
1.710360
1.710813
1.711264
1.711715
1.712164
1.712613
1.713061
1.713508
1.713955
1.714400
1.714845
1.715288
1.715731
1.716173
1.716614
1.717054
1.717493
1.717931
1.718369
1.718805
1.719240
1.719674
1.720108
1.720540
1.720971
1.721402
1.721831
1.722259
1.722687
1.723113
1.723538
1.723962
1.724385
1.724807
1.725228
1.725648
1.726066
1.726484
1.726901
1.727316
1.727730
1.728143
1.728555
1.728966
1.729375
1.729784
1.730191
1.730597
1.731002
1.731406
1.731808
1.732209
1.732609
1.733008
1.733405
1.733801
1.734196
1.734590
1.734982
1.735373
1.735763
1.736152
1.736539
1.736925
1.737309
1.737692
1.738074
1.738454
1.738833
1.739211
1.739587
1.739962
1.740336
1.740708
1.741079
1.741448
1.741816
1.742182
1.742547
1.742911
1.743273
1.743633
1.743993
1.744350
1.744706
1.745061
1.745414
1.745766
1.746116
1.746464
1.746811
1.747157
1.747501
1.747843
1.748184
1.748523
1.748861
1.749197
1.749532
1.749864
1.750196
1.750525
1.750853
1.751180
1.751505
1.751828
1.752149
1.752469
1.752787
1.753104
1.753418
1.753732
1.754043
1.754353
1.754661
1.754967
1.755272
1.755575
1.755876
1.756175
1.756473
1.756769
1.757063
1.757355
1.757646
1.757935
1.758222
1.758507
1.758791
1.759073
1.759353
1.759631
1.759907
1.760182
1.760454
1.760725
1.760994
1.761262
1.761527
1.761790
1.762052
1.762312
1.762570
1.762826
1.763080
1.763332
1.763583
1.763831
1.764078
1.764323
1.764566
1.764807
1.765046
1.765283
1.765518
1.765751
1.765983
1.766212
1.766439
1.766665
1.766889
1.767110
1.767330
1.767548
1.767763
1.767977
1.768189
1.768399
1.768607
1.768813
1.769017
1.769219
1.769418
1.769616
1.769812
1.770006
1.770198
1.770388
1.770576
1.770762
1.770946
1.771128
1.771308
1.771486
1.771661
1.771835
1.772007
1.772177
1.772344
1.772510
1.772674
1.772835
1.772995
1.773152
1.773307
1.773461
1.773612
1.773761
1.773908
1.774053
1.774196
1.774337
1.774476
1.774613
1.774748
1.774880
1.775011
1.775139
1.775266
1.775390
1.775512
1.775633
1.775751
1.775867
1.775980
1.776092
1.776202
1.776309
1.776415
1.776518
1.776620
1.776719
1.776816
1.776911
1.777003
1.777094
1.777183
1.777269
1.777354
1.777436
1.777516
1.777594
1.777670
1.777744
1.777815
1.777885
1.777952
1.778018
1.778081
1.778142
1.778201
1.778257
1.778312
1.778364
1.778415
1.778463
1.778509
1.778553
1.778595
1.778634
1.778672
1.778707
1.778740
1.778771
1.778800
1.778827
1.778851
1.778874
1.778894
1.778912
1.778928
1.778942
1.778953
1.778963
1.778970
1.778975
1.778978
1.778979
1.778977
1.778973
1.778968
1.778960
1.778949
1.778937
1.778922
1.778906
1.778887
1.778865
1.778842
1.778816
1.778789
1.778758
1.778726
1.778692
1.778655
1.778616
1.778575
1.778532
1.778486
1.778438
1.778388
1.778336
1.778281
1.778224
1.778165
1.778104
1.778040
1.777974
1.777906
1.777836
1.777763
1.777688
1.777611
1.777531
1.777449
1.777365
1.777278
1.777189
1.777098
1.777005
1.776909
1.776811
1.776710
1.776607
1.776502
1.776395
1.776285
1.776172
1.776057
1.775940
1.775821
1.775699
1.775574
1.775448
1.775318
1.775187
1.775053
1.774916
1.774777
1.774636
1.774492
1.774346
1.774197
1.774045
1.773891
1.773735
1.773576
1.773415
1.773251
1.773084
1.772915
1.772743
1.772569
1.772392
1.772213
1.772031
1.771846
1.771659
1.771469
1.771276
1.771081
1.770883
1.770682
1.770479
1.770273
1.770064
1.769853
1.769639
1.769422
1.769202
1.768980
1.768755
1.768527
1.768296
1.768063
