0.305089
0.296332
0.292914
0.291490
0.290692
0.290065
0.289476
0.288891
0.288302
0.287710
0.287115
0.286518
0.285921
0.285322
0.284722
0.284119
0.283514
0.282905
0.282291
0.281672
0.281046
0.280412
0.279770
0.279118
0.278455
0.277779
0.277091
0.276388
0.275670
0.274936
0.274184
0.273414
0.272624
0.271814
0.270983
0.270129
0.269253
0.268353
0.267427
0.266477
0.265500
0.264497
0.263466
0.262407
0.261320
0.260204
0.259060
0.257886
0.256683
0.255452
0.254191
0.252902
0.251585
0.250240
0.248869
0.247472
0.246049
0.244603
0.243135
0.241645
0.240135
0.238607
0.237061
0.235501
0.233926
0.232339
0.230742
0.229135
0.227520
0.225900
0.224274
0.222644
0.221012
0.219378
0.217743
0.216108
0.214474
0.212840
0.211206
0.209574
0.207943
0.206312
0.204682
0.203051
0.201419
0.199786
0.198150
0.196510
0.194866
0.193216
0.191558
0.189892
0.188216
0.186528
0.184827
0.183112
0.181380
0.179631
0.177862
0.176072
0.174260
0.172424
0.170562
0.168673
0.166757
0.164810
0.162833
0.160825
0.158784
0.156711
0.154604
0.152463
0.150288
0.148080
0.145838
0.143564
0.141258
0.138922
0.136556
0.134164
0.131747
0.129307
0.126847
0.124369
0.121878
0.119376
0.116867
0.114354
0.111842
0.109334
0.106834
0.104347
0.101875
0.099424
0.096996
0.094595
0.092225
0.089889
0.087590
0.085331
0.083114
0.080941
0.078814
0.076735
0.074704
0.072724
0.070795
0.068917
0.067091
0.065316
0.063593
0.061922
0.060300
0.058729
0.057208
0.055734
0.054308
0.052929
0.051595
0.050304
0.049057
0.047851
0.046686
0.045560
0.044471
0.043419
0.042403
0.041421
0.040471
0.039554
0.038667
0.037809
0.036980
0.036178
0.035402
0.034652
0.033926
0.033223
0.032543
0.031885
0.031247
0.030630
0.030031
0.029451
0.028889
0.028344
0.027816
0.027303
0.026806
0.026323
0.025854
0.025399
0.024957
0.024528
0.024111
0.023705
0.023311
0.022927
0.022554
0.022192
0.021838
0.021495
0.021160
0.020834
0.020517
0.020207
0.019906
0.019612
0.019325
0.019046
0.018774
0.018508
0.018248
0.017995
0.017748
0.017506
0.017271
0.017040
0.016815
0.016595
0.016380
0.016170
0.015965
0.015764
0.015567
0.015375
0.015187
0.015003
0.014822
0.014646
0.014473
0.014304
0.014138
0.013976
0.013816
0.013660
0.013508
0.013358
0.013211
0.013067
0.012925
0.012787
0.012651
0.012517
0.012386
0.012258
0.012131
0.012008
0.011886
0.011766
0.011649
0.011534
0.011421
0.011309
0.011200
0.011093
0.010987
0.010883
0.010781
0.010681
0.010582
0.010485
0.010390
0.010296
0.010204
0.010113
0.010023
0.009935
0.009849
0.009763
0.009679
0.009597
0.009515
0.009435
0.009356
0.009279
0.009202
0.009127
0.009052
0.008979
0.008907
0.008836
0.008766
0.008697
0.008629
0.008562
0.008496
0.008430
0.008366
0.008303
0.008240
0.008178
0.008117
0.008057
0.007998
0.007940
0.007882
0.007825
0.007769
0.007713
0.007659
0.007605
0.007551
0.007499
0.007447
0.007396
0.007345
0.007295
0.007245
0.007197
0.007148
0.007101
0.007054
0.007007
0.006961
0.006916
0.006871
0.006827
0.006783
0.006740
0.006697
0.006655
0.006613
0.006572
0.006531
0.006491
0.006451
0.006412
0.006373
0.006334
0.006296
0.006258
0.006221
0.006184
0.006148
0.006112
0.006076
0.006041
0.006006
0.005971
0.005937
0.005903
0.005870
0.005837
0.005804
0.005771
0.005739
0.005708
0.005676
0.005645
0.005614
0.005584
0.005553
0.005524
0.005494
0.005465
0.005436
0.005407
0.005379
0.005350
0.005322
0.005295
0.005267
0.005240
0.005214
0.005187
0.005161
0.005134
0.005109
0.005083
0.005058
0.005033
0.005008
0.004983
0.004959
0.004934
0.004910
0.004887
0.004863
0.004840
0.004816
0.004793
0.004771
0.004748
0.004726
0.004704
0.004682
0.004660
0.004638
0.004617
0.004596
0.004575
0.004554
0.004533
0.004513
0.004492
0.004472
0.004452
0.004432
0.004413
0.004393
0.004374
0.004355
0.004336
0.004317
0.004298
0.004280
0.004261
0.004243
0.004225
0.004207
0.004189
0.004171
0.004154
0.004136
0.004119
0.004102
0.004085
0.004068
0.004051
0.004035
0.004018
0.004002
0.003986
0.003970
0.003954
0.003938
0.003922
0.003906
0.003891
0.003875
0.003860
0.003845
0.003830
0.003815
0.003800
0.003785
0.003771
0.003756
0.003742
0.003727
0.003713
0.003699
0.003685
0.003671
0.003657
0.003644
0.003630
0.003617
0.003603
0.003590
0.003576
0.003563
0.003550
0.003537
0.003524
0.003512
0.003499
0.003486
0.003474
0.003461
0.003449
0.003437
0.003424
0.003412
0.003400
0.003388
0.003376
0.003365
0.003353
0.003341
0.003330
0.003318
0.003307
0.003295
0.003284
0.003273
0.003262
0.003251
0.003240
0.003229
0.003218
0.003207
0.003197
0.003186
0.003175
0.003165
0.003154
0.003144
0.003134
0.003123
0.003113
0.003103
0.003093
0.003083
0.003073
0.003063
0.003053
0.003044
0.003034
0.003024
0.003015
0.003005
0.002996
0.002986
0.002977
0.002968
0.002958
0.002949
0.002940
0.002931
0.002922
0.002913
0.002904
0.002895
0.002886
0.002877
0.002869
0.002860
0.002851
0.002843
0.002834
0.002826
0.002817
0.002809
0.002801
0.002792
0.002784
0.002776
0.002768
0.002760
0.002752
0.002743
0.002736
0.002728
0.002720
0.002712
0.002704
0.002696
0.002689
0.002681
0.002673
0.002666
0.002658
0.002651
0.002643
0.002636
0.002628
0.002621
0.002614
0.002606
0.002599
0.002592
0.002585
0.002578
0.002571
0.002563
0.002556
0.002549
0.002543
0.002536
0.002529
0.002522
0.002515
0.002508
0.002502
0.002495
0.002488
0.002482
0.002475
0.002468
0.002462
0.002455
0.002449
0.002443
0.002436
0.002430
0.002423
0.002417
0.002411
0.002405
0.002398
0.002392
0.002386
0.002380
0.002374
0.002368
0.002362
0.002356
0.002350
0.002344
0.002338
0.002332
0.002326
0.002320
0.002314
0.002309
0.002303
0.002297
0.002292
0.002286
0.002280
0.002275
0.002269
0.002263
0.002258
0.002252
0.002247
0.002241
0.002236
0.002231
0.002225
0.002220
0.002215
0.002209
0.002204
0.002199
0.002193
0.002188
0.002183
0.002178
0.002173
0.002168
0.002162
0.002157
0.002152
0.002147
0.002142
0.002137
0.002132
0.002127
0.002122
0.002118
0.002113
0.002108
0.002103
0.002098
0.002093
0.002089
0.002084
0.002079
0.002074
0.002070
0.002065
0.002060
0.002056
0.002051
0.002047
0.002042
0.002037
0.002033
0.002028
0.002024
0.002019
0.002015
0.002010
0.002006
0.002002
0.001997
0.001993
0.001989
0.001984
0.001980
0.001976
0.001971
0.001967
0.001963
0.001959
0.001954
0.001950
0.001946
0.001942
0.001938
0.001934
0.001930
0.001925
0.001921
0.001917
0.001913
0.001909
0.001905
0.001901
0.001897
0.001893
0.001889
0.001885
0.001882
0.001878
0.001874
0.001870
0.001866
0.001862
0.001858
0.001855
0.001851
0.001847
0.001843
0.001840
0.001836
0.001832
0.001828
0.001825
0.001821
0.001817
0.001814
0.001810
0.001806
0.001803
0.001799
0.001796
0.001792
0.001789
0.001785
0.001781
0.001778
0.001774
0.001771
0.001768
0.001764
0.001761
0.001757
0.001754
0.001750
0.001747
0.001744
0.001740
0.001737
0.001734
0.001730
0.001727
0.001724
0.001720
0.001717
0.001714
0.001710
0.001707
0.001704
0.001701
0.001698
0.001694
0.001691
0.001688
0.001685
0.001682
0.001679
0.001675
0.001672
0.001669
0.001666
0.001663
0.001660
0.001657
0.001654
0.001651
0.001648
0.001645
0.001642
0.001639
0.001636
0.001633
0.001630
0.001627
0.001624
0.001621
0.001618
0.001615
0.001612
0.001609
0.001606
0.001603
0.001601
0.001598
0.001595
0.001592
0.001589
0.001586
0.001584
0.001581
0.001578
0.001575
0.001572
0.001570
0.001567
0.001564
0.001561
0.001559
0.001556
0.001553
0.001551
0.001548
0.001545
0.001542
0.001540
0.001537
0.001534
0.001532
0.001529
0.001527
0.001524
0.001521
0.001519
0.001516
0.001514
0.001511
0.001508
0.001506
0.001503
0.001501
0.001498
0.001496
0.001493
0.001491
0.001488
0.001486
0.001483
0.001481
0.001478
0.001476
0.001473
0.001471
0.001469
0.001466
0.001464
0.001461
0.001459
0.001457
0.001454
0.001452
0.001449
0.001447
0.001445
0.001442
0.001440
0.001438
0.001435
0.001433
0.001431
0.001428
0.001426
0.001424
0.001422
0.001419
0.001417
0.001415
0.001412
0.001410
0.001408
0.001406
0.001403
0.001401
0.001399
0.001397
0.001395
0.001392
0.001390
0.001388
0.001386
0.001384
0.001382
0.001379
0.001377
0.001375
0.001373
0.001371
0.001369
0.001367
0.001364
0.001362
0.001360
0.001358
0.001356
0.001354
0.001352
0.001350
0.001348
0.001346
0.001344
0.001342
0.001340
0.001338
0.001336
0.001334
0.001331
0.001329
0.001327
0.001325
0.001323
0.001322
0.001320
0.001318
0.001316
0.001314
0.001312
0.001310
0.001308
0.001306
0.001304
0.001302
0.001300
0.001298
0.001296
0.001294
0.001292
0.001290
0.001289
0.001287
0.001285
0.001283
0.001281
0.001279
0.001277
0.001275
0.001274
0.001272
0.001270
0.001268
0.001266
0.001264
0.001263
0.001261
0.001259
0.001257
0.001255
0.001254
0.001252
0.001250
0.001248
0.001246
0.001245
0.001243
0.001241
0.001239
0.001238
0.001236
0.001234
0.001232
0.001231
0.001229
0.001227
0.001226
0.001224
0.001222
0.001220
0.001219
0.001217
0.001215
0.001214
0.001212
0.001210
0.001209
0.001207
0.001205
0.001204
0.001202
0.001200
0.001199
0.001197
0.001195
0.001194
0.001192
0.001190
0.001189
0.001187
0.001186
0.001184
0.001182
0.001181
0.001179
0.001178
0.001176
0.001174
0.001173
0.001171
0.001170
0.001168
0.001167
0.001165
0.001164
0.001162
0.001160
0.001159
0.001157
0.001156
0.001154
0.001153
0.001151
0.001150
0.001148
0.001147
0.001145
0.001144
0.001142
0.001141
0.001139
0.001138
0.001136
0.001135
0.001133
0.001132
0.001130
