0.252508, 0.311679, 0.000000, 
0.300683, 0.238061, 0.000000, 
0.295657, 0.314784, 0.000000, 
0.297784, 0.180800, 0.000000, 
0.177897, 0.247684, 0.000000, 
0.225805, 0.222818, 0.000000, 
0.184633, 0.277183, 0.000000, 
0.305036, 0.274482, 0.000000, 
0.271842, 0.219155, 0.000000, 
0.175199, 0.197779, 0.000000, 
0.294872, 0.490462, 0.000000, 
0.333243, 0.151523, 0.000000, 
0.173975, 0.365890, 0.000000, 
0.397618, 0.376887, 0.000000, 
0.286371, 0.288962, 0.000000, 
0.329550, 0.215780, 0.000000, 
0.265547, 0.353487, 0.000000, 
0.218730, 0.275412, 0.000000, 
0.369356, 0.271265, 0.000000, 
0.300698, 0.174725, 0.000000, 
0.295807, 0.205469, 0.000000, 
0.360784, 0.224816, 0.000000, 
0.217625, 0.376451, 0.000000, 
0.326481, 0.262977, 0.000000, 
0.442266, 0.234114, 0.000000, 
0.355132, 0.327392, 0.000000, 
0.218440, 0.174799, 0.000000, 
0.265662, 0.313721, 0.000000, 
0.451790, 0.306719, 0.000000, 
0.368090, 0.320197, 0.000000, 
0.404639, 0.263518, 0.000000, 
0.304913, 0.259608, 0.000000, 
0.173184, 0.257002, 0.000000, 
0.292150, 0.185907, 0.000000, 
0.244898, 0.213921, 0.000000, 
0.363577, 0.305331, 0.000000, 
0.369247, 0.247576, 0.000000, 
0.280805, 0.259115, 0.000000, 
0.277560, 0.172720, 0.000000, 
0.244672, 0.339285, 0.000000, 
0.316842, 0.339091, 0.000000, 
0.352455, 0.223099, 0.000000, 
0.264573, 0.323979, 0.000000, 
0.381851, 0.209555, 0.000000, 
0.245627, 0.190347, 0.000000, 
0.267624, 0.274449, 0.000000, 
0.327003, 0.234951, 0.000000, 
0.367045, 0.243608, 0.000000, 
0.324068, 0.196726, 0.000000, 
0.338457, 0.252693, 0.000000, 
0.304090, 0.369970, 0.000000, 
0.305719, 0.274737, 0.000000, 
0.388194, 0.190758, 0.000000, 
0.224422, 0.313643, 0.000000, 
0.272162, 0.354277, 0.000000, 
0.268205, 0.332088, 0.000000, 
0.299271, 0.375334, 0.000000, 
0.264269, 0.414632, 0.000000, 
0.218776, 0.324454, 0.000000, 
0.397851, 0.211349, 0.000000, 
0.392635, 0.394089, 0.000000, 
0.291282, 0.201243, 0.000000, 
0.297206, 0.280742, 0.000000, 
0.239529, 0.327376, 0.000000, 
0.248939, 0.325541, 0.000000, 
0.298143, 0.396762, 0.000000, 
0.288313, 0.359694, 0.000000, 
0.270206, 0.148031, 0.000000, 
0.324971, 0.145575, 0.000000, 
0.281509, 0.149980, 0.000000, 
0.440554, 0.235515, 0.000000, 
0.113910, 0.262294, 0.000000, 
0.294020, 0.418553, 0.000000, 
0.280492, 0.237988, 0.000000, 
0.349868, 0.272389, 0.000000, 
0.289843, 0.218294, 0.000000, 
0.388627, 0.402302, 0.000000, 
0.357707, 0.324258, 0.000000, 
0.332026, 0.443841, 0.000000, 
0.323377, 0.205254, 0.000000, 
0.288355, 0.210417, 0.000000, 
0.380813, 0.431099, 0.000000, 
0.285787, 0.285960, 0.000000, 
0.310031, 0.310175, 0.000000, 
0.290185, 0.287294, 0.000000, 
0.319509, 0.302225, 0.000000, 
0.495128, 0.175791, 0.000000, 
0.316607, 0.351764, 0.000000, 
0.179993, 0.371300, 0.000000, 
0.298635, 0.258119, 0.000000, 
0.188994, 0.252610, 0.000000, 
0.214381, 0.307622, 0.000000, 
0.335832, 0.321954, 0.000000, 
0.289397, 0.205407, 0.000000, 
0.395766, 0.280336, 0.000000, 
0.339548, 0.233620, 0.000000, 
0.248166, 0.246274, 0.000000, 
0.283165, 0.101107, 0.000000, 
0.324204, 0.266217, 0.000000, 
0.303840, 0.253246, 0.000000, 
0.534582, 0.506613, 1.000000, 
0.599778, 0.529087, 1.000000, 
0.407139, 0.537930, 1.000000, 
0.666604, 0.297666, 1.000000, 
0.597076, 0.567955, 1.000000, 
0.537345, 0.668374, 1.000000, 
0.553681, 0.671984, 1.000000, 
0.486561, 0.645742, 1.000000, 
0.560523, 0.747345, 1.000000, 
0.317274, 0.293912, 1.000000, 
0.391815, 0.334664, 1.000000, 
0.698675, 0.506180, 1.000000, 
0.317283, 0.470604, 1.000000, 
0.623531, 0.611464, 1.000000, 
0.389320, 0.439499, 1.000000, 
0.489638, 0.550392, 1.000000, 
0.657175, 0.363317, 1.000000, 
0.720126, 0.539459, 1.000000, 
0.365927, 0.414816, 1.000000, 
0.544433, 0.621564, 1.000000, 
0.409894, 0.549245, 1.000000, 
0.477291, 0.698135, 1.000000, 
0.584123, 0.643027, 1.000000, 
0.670404, 0.571077, 1.000000, 
0.472550, 0.356808, 1.000000, 
0.453376, 0.439137, 1.000000, 
0.618700, 0.726242, 1.000000, 
0.436501, 0.433774, 1.000000, 
0.482216, 0.635426, 1.000000, 
0.568471, 0.641511, 1.000000, 
0.512602, 0.482530, 1.000000, 
0.529697, 0.667436, 1.000000, 
0.672396, 0.619643, 1.000000, 
0.703864, 0.372526, 1.000000, 
0.638819, 0.604597, 1.000000, 
0.342579, 0.764452, 1.000000, 
0.410803, 0.452862, 1.000000, 
0.504673, 0.660585, 1.000000, 
0.511403, 0.634569, 1.000000, 
0.614371, 0.733474, 1.000000, 
0.561071, 0.536285, 1.000000, 
0.492634, 0.612381, 1.000000, 
0.295124, 0.637152, 1.000000, 
0.571966, 0.515466, 1.000000, 
0.502814, 0.436425, 1.000000, 
0.420474, 0.265763, 1.000000, 
0.565748, 0.340313, 1.000000, 
0.578020, 0.511149, 1.000000, 
0.558123, 0.610300, 1.000000, 
0.442983, 0.506841, 1.000000, 
0.719697, 0.410564, 1.000000, 
0.579394, 0.491470, 1.000000, 
0.386025, 0.458018, 1.000000, 
0.494971, 0.804865, 1.000000, 
0.458735, 0.539394, 1.000000, 
0.638867, 0.391732, 1.000000, 
0.492558, 0.699296, 1.000000, 
0.429465, 0.293625, 1.000000, 
0.608861, 0.623076, 1.000000, 
0.392214, 0.542553, 1.000000, 
0.522039, 0.451927, 1.000000, 
0.582210, 0.796939, 1.000000, 
0.657672, 0.652069, 1.000000, 
0.353954, 0.754185, 1.000000, 
0.730637, 0.446809, 1.000000, 
0.490656, 0.492272, 1.000000, 
0.571110, 0.458138, 1.000000, 
0.449634, 0.681329, 1.000000, 
0.430080, 0.371934, 1.000000, 
0.527756, 0.677795, 1.000000, 
0.785034, 0.657942, 1.000000, 
0.354247, 0.294947, 1.000000, 
0.487321, 0.733078, 1.000000, 
0.714158, 0.650773, 1.000000, 
0.706442, 0.461188, 1.000000, 
0.521333, 0.683283, 1.000000, 
0.545364, 0.405544, 1.000000, 
0.629947, 0.678723, 1.000000, 
0.485541, 0.485120, 1.000000, 
0.578628, 0.693920, 1.000000, 
0.397605, 0.604779, 1.000000, 
0.466999, 0.589440, 1.000000, 
0.425474, 0.748710, 1.000000, 
0.462633, 0.448880, 1.000000, 
0.522570, 0.556941, 1.000000, 
0.579299, 0.585830, 1.000000, 
0.726165, 0.542189, 1.000000, 
0.550953, 0.437035, 1.000000, 
0.703771, 0.683254, 1.000000, 
0.521805, 0.460211, 1.000000, 
0.202829, 0.645949, 1.000000, 
0.529550, 0.512952, 1.000000, 
0.287049, 0.576873, 1.000000, 
0.599594, 0.578496, 1.000000, 
0.308238, 0.741670, 1.000000, 
0.413862, 0.351175, 1.000000, 
0.598639, 0.604175, 1.000000, 
0.864236, 0.650323, 1.000000, 
0.570137, 0.360462, 1.000000, 
0.421043, 0.578996, 1.000000, 
